1400 2.94522254e-03 1.92277943e-03
1.00000000e-03 1.00000000e+04 3.63116527e+01
1.00000000e-03 3.63116606e+01 2.29461223e-06 9.51745150e+01
1.01158778e-03 3.63116649e+01 2.32418432e-06 9.50105855e+01
1.02330983e-03 3.63116536e+01 2.39111738e-06 9.48453243e+01
1.03516772e-03 3.63116651e+01 2.41835739e-06 9.46788701e+01
1.04716302e-03 3.63117406e+01 2.51589407e-06 9.45113745e+01
1.05929731e-03 3.63116531e+01 2.53342671e-06 9.43429999e+01
1.07157221e-03 3.63116493e+01 2.59521368e-06 9.41739181e+01
1.08398936e-03 3.63116592e+01 2.66970592e-06 9.40043074e+01
1.09655039e-03 3.63116431e+01 2.70255135e-06 9.38343502e+01
1.10925697e-03 3.63116362e+01 2.75779986e-06 9.36642304e+01
1.12211079e-03 3.63116451e+01 2.85321619e-06 9.34941298e+01
1.13511357e-03 3.63116274e+01 2.85352799e-06 9.33242259e+01
1.14826701e-03 3.63116412e+01 2.97321875e-06 9.31546876e+01
1.16157287e-03 3.63117029e+01 3.02283847e-06 9.29856729e+01
1.17503292e-03 3.63116533e+01 3.09720857e-06 9.28173248e+01
1.18864895e-03 3.63116579e+01 3.14026481e-06 9.26497685e+01
1.20242275e-03 3.63116459e+01 3.22890000e-06 9.24831087e+01
1.21635616e-03 3.63116349e+01 3.29747380e-06 9.23174261e+01
1.23045102e-03 3.63116354e+01 3.35901433e-06 9.21527753e+01
1.24470922e-03 3.63116324e+01 3.42831584e-06 9.19891830e+01
1.25913263e-03 3.63116438e+01 3.50877435e-06 9.18266459e+01
1.27372318e-03 3.63116479e+01 3.57020721e-06 9.16651298e+01
1.28848281e-03 3.63116492e+01 3.66983651e-06 9.15045696e+01
1.30341346e-03 3.63116569e+01 3.73959873e-06 9.13448691e+01
1.31851713e-03 3.63116468e+01 3.81473793e-06 9.11859020e+01
1.33379581e-03 3.63116437e+01 3.87792512e-06 9.10275142e+01
1.34925154e-03 3.63116568e+01 4.00353401e-06 9.08695259e+01
1.36488637e-03 3.63116553e+01 4.06028276e-06 9.07117352e+01
1.38070237e-03 3.63116591e+01 4.15217156e-06 9.05539221e+01
1.39670165e-03 3.63116389e+01 4.23949021e-06 9.03958537e+01
1.41288632e-03 3.63116448e+01 4.32806480e-06 9.02372892e+01
1.42925853e-03 3.63116364e+01 4.44028004e-06 9.00779863e+01
1.44582046e-03 3.63116337e+01 4.50909150e-06 8.99177076e+01
1.46257431e-03 3.63116465e+01 4.63440619e-06 8.97562272e+01
1.47952230e-03 3.63116445e+01 4.70616204e-06 8.95933375e+01
1.49666668e-03 3.63116444e+01 4.83727211e-06 8.94288557e+01
1.51400972e-03 3.63116343e+01 4.94687573e-06 8.92626301e+01
1.53155373e-03 3.63116336e+01 5.02712853e-06 8.90945459e+01
1.54930104e-03 3.63116385e+01 5.13085528e-06 8.89245296e+01
1.56725399e-03 3.63116520e+01 5.26460421e-06 8.87525533e+01
1.58541499e-03 3.63116466e+01 5.35489039e-06 8.85786365e+01
1.60378643e-03 3.63116492e+01 5.49479421e-06 8.84028474e+01
1.62237075e-03 3.63116466e+01 5.59478626e-06 8.82253024e+01
1.64117042e-03 3.63116501e+01 5.72182344e-06 8.80461632e+01
1.66018794e-03 3.63116446e+01 5.85428800e-06 8.78656330e+01
1.67942583e-03 3.63116389e+01 5.96559128e-06 8.76839500e+01
1.69888665e-03 3.63116523e+01 6.10855775e-06 8.75013803e+01
1.71857297e-03 3.63116494e+01 6.22717849e-06 8.73182081e+01
1.73848741e-03 3.63116511e+01 6.35821345e-06 8.71347253e+01
1.75863262e-03 3.63114240e+01 6.51517389e-06 8.69512203e+01
1.77901127e-03 3.63116454e+01 6.62850300e-06 8.67679655e+01
1.79962606e-03 3.63116342e+01 6.79164525e-06 8.65852059e+01
1.82047973e-03 3.63116219e+01 6.92965967e-06 8.64031470e+01
1.84157504e-03 3.63116206e+01 7.07978698e-06 8.62219446e+01
1.86291481e-03 3.63116237e+01 7.23511642e-06 8.60416964e+01
1.88450185e-03 3.63116314e+01 7.39238379e-06 8.58624345e+01
1.90633904e-03 3.63116448e+01 7.55516687e-06 8.56841224e+01
1.92842928e-03 3.63116665e+01 7.72580836e-06 8.55066541e+01
1.95077549e-03 3.63116662e+01 7.88097325e-06 8.53298564e+01
1.97338065e-03 3.63116461e+01 8.05401928e-06 8.51534959e+01
1.99624775e-03 3.63116524e+01 8.21105667e-06 8.49772884e+01
2.01937982e-03 3.63116422e+01 8.40071761e-06 8.48009119e+01
2.04277995e-03 3.63116232e+01 8.57400234e-06 8.46240233e+01
2.06645123e-03 3.63116358e+01 8.76411321e-06 8.44462758e+01
2.09039681e-03 3.63116283e+01 8.94996337e-06 8.42673388e+01
2.11461987e-03 3.63116188e+01 9.14657536e-06 8.40869171e+01
2.13912362e-03 3.63116168e+01 9.33921496e-06 8.39047698e+01
2.16391131e-03 3.63113745e+01 9.53845348e-06 8.37207266e+01
2.18898624e-03 3.63116272e+01 9.73205182e-06 8.35347010e+01
2.21435172e-03 3.63116285e+01 9.95112510e-06 8.33466982e+01
2.24001114e-03 3.63116346e+01 1.01628532e-05 8.31568181e+01
2.26596790e-03 3.63116389e+01 1.03825717e-05 8.29652521e+01
2.29222543e-03 3.63116495e+01 1.05973440e-05 8.27722732e+01
2.31878723e-03 3.63116439e+01 1.08230521e-05 8.25782196e+01
2.34565683e-03 3.63116327e+01 1.10631303e-05 8.23834734e+01
2.37283778e-03 3.63116246e+01 1.13040947e-05 8.21884339e+01
2.40033370e-03 3.63116239e+01 1.15340230e-05 8.19934890e+01
2.42814824e-03 3.63116339e+01 1.17968899e-05 8.17989849e+01
2.45628508e-03 3.63116512e+01 1.20362695e-05 8.16051980e+01
2.48474797e-03 3.63116590e+01 1.22999067e-05 8.14123106e+01
2.51354068e-03 3.63116568e+01 1.25563604e-05 8.12203924e+01
2.54266703e-03 3.63116407e+01 1.28342020e-05 8.10293915e+01
2.57213090e-03 3.63116333e+01 1.30922849e-05 8.08391341e+01
2.60193618e-03 3.63116269e+01 1.33835074e-05 8.06493357e+01
2.63208684e-03 3.63116181e+01 1.36577933e-05 8.04596231e+01
2.66258688e-03 3.63121762e+01 1.39506973e-05 8.02695648e+01
2.69344035e-03 3.63116085e+01 1.42481061e-05 8.00789224e+01
2.72465134e-03 3.63116170e+01 1.45586162e-05 7.98868484e+01
2.75622400e-03 3.63116176e+01 1.48644634e-05 7.96931873e+01
2.78816252e-03 3.63116240e+01 1.51824345e-05 7.94976810e+01
2.82047113e-03 3.63116244e+01 1.54989301e-05 7.93002058e+01
2.85315412e-03 3.63116249e+01 1.58256504e-05 7.91005509e+01
2.88621584e-03 3.63116250e+01 1.61525936e-05 7.88993718e+01
2.91966067e-03 3.63116274e+01 1.65122905e-05 7.86967570e+01
2.95349306e-03 3.63116452e+01 1.68578550e-05 7.84933896e+01
2.98771748e-03 3.63116480e+01 1.72174417e-05 7.82892632e+01
3.02233849e-03 3.63116438e+01 1.75679352e-05 7.80851270e+01
3.05736068e-03 3.63116347e+01 1.79459963e-05 7.78814303e+01
3.09278870e-03 3.63116341e+01 1.83314485e-05 7.76785133e+01
3.12862725e-03 3.63116194e+01 1.87218931e-05 7.74765609e+01
3.16488109e-03 3.63116075e+01 1.91228191e-05 7.72755743e+01
3.20155504e-03 3.63116250e+01 1.95238119e-05 7.70753646e+01
3.23865395e-03 3.63116261e+01 1.99364490e-05 7.68755723e+01
3.27618276e-03 3.63116132e+01 2.03658981e-05 7.66757111e+01
3.31414644e-03 3.63116187e+01 2.07760300e-05 7.64752328e+01
3.35255003e-03 3.63116164e+01 2.12170345e-05 7.62736041e+01
3.39139864e-03 3.63116104e+01 2.16724671e-05 7.60703866e+01
3.43069742e-03 3.63116181e+01 2.21292588e-05 7.58653061e+01
3.47045158e-03 3.63116182e+01 2.25997705e-05 7.56583011e+01
3.51066641e-03 3.63116243e+01 2.30680701e-05 7.54495404e+01
3.55134724e-03 3.63116078e+01 2.35652461e-05 7.52394036e+01
3.59249946e-03 3.63116142e+01 2.40580096e-05 7.50284265e+01
3.63412855e-03 3.63116413e+01 2.45485885e-05 7.48172163e+01
3.67624003e-03 3.63116282e+01 2.50789375e-05 7.46063500e+01
3.71883949e-03 3.63116015e+01 2.56032233e-05 7.43962717e+01
3.76193258e-03 3.63116015e+01 2.61376062e-05 7.41872090e+01
3.80552502e-03 3.63116081e+01 2.66965822e-05 7.39791242e+01
3.84962260e-03 3.63116145e+01 2.72438421e-05 7.37717136e+01
3.89423118e-03 3.63116210e+01 2.78176155e-05 7.35644580e+01
3.93935667e-03 3.63116140e+01 2.84063613e-05 7.33567196e+01
3.98500507e-03 3.63116250e+01 2.89919395e-05 7.31478678e+01
4.03118242e-03 3.63116068e+01 2.96069585e-05 7.29374110e+01
4.07789487e-03 3.63116071e+01 3.02344246e-05 7.27251065e+01
4.12514862e-03 3.63116050e+01 3.08571500e-05 7.25110227e+01
4.17294993e-03 3.63115980e+01 3.15007526e-05 7.22955345e+01
4.22130515e-03 3.63115897e+01 3.21485777e-05 7.20792505e+01
4.27022070e-03 3.63113585e+01 3.28383511e-05 7.18628806e+01
4.31970308e-03 3.63115993e+01 3.35221136e-05 7.16470718e+01
4.36975884e-03 3.63103792e+01 3.42260590e-05 7.14321634e+01
4.42039464e-03 3.63115986e+01 3.49245967e-05 7.12184269e+01
4.47161720e-03 3.63116012e+01 3.56556562e-05 7.10055041e+01
4.52343331e-03 3.63115941e+01 3.64062740e-05 7.07928195e+01
4.57584985e-03 3.63115910e+01 3.71594280e-05 7.05796364e+01
4.62887379e-03 3.63115880e+01 3.79283415e-05 7.03652535e+01
4.68251216e-03 3.63115793e+01 3.87150809e-05 7.01492898e+01
4.73677207e-03 3.63115739e+01 3.95269622e-05 6.99313900e+01
4.79166074e-03 3.63115744e+01 4.03377825e-05 6.97121398e+01
4.84718545e-03 3.63115832e+01 4.11788102e-05 6.94921113e+01
4.90335356e-03 3.63115798e+01 4.20433375e-05 6.92721121e+01
4.96017254e-03 3.63115726e+01 4.29050424e-05 6.90528549e+01
5.01764992e-03 3.63115942e+01 4.37872283e-05 6.88347299e+01
5.07579334e-03 3.63115497e+01 4.47024578e-05 6.86176702e+01
5.13461051e-03 3.63117388e+01 4.56282071e-05 6.84011625e+01
5.19410924e-03 3.63115766e+01 4.65829266e-05 6.81844092e+01
5.25429743e-03 3.63115746e+01 4.75348871e-05 6.79665994e+01
5.31518307e-03 3.63115735e+01 4.85028705e-05 6.77471996e+01
5.37677423e-03 3.63115714e+01 4.95246879e-05 6.75261586e+01
5.43907911e-03 3.63115697e+01 5.05448131e-05 6.73039449e+01
5.50210595e-03 3.63115760e+01 5.15738167e-05 6.70813882e+01
5.56586314e-03 3.63115813e+01 5.26446820e-05 6.68593718e+01
5.63035913e-03 3.63115660e+01 5.37208597e-05 6.66384873e+01
5.69560249e-03 3.63115628e+01 5.48297566e-05 6.64187884e+01
5.76160187e-03 3.63115594e+01 5.59585191e-05 6.61997563e+01
5.82836604e-03 3.63115914e+01 5.71182843e-05 6.59805056e+01
5.89590386e-03 3.63115534e+01 5.82776436e-05 6.57601609e+01
5.96422429e-03 3.63115563e+01 5.94768238e-05 6.55382499e+01
6.03333640e-03 3.63115412e+01 6.07073782e-05 6.53149335e+01
6.10324937e-03 3.63115443e+01 6.19402624e-05 6.50909554e+01
6.17397248e-03 3.63115463e+01 6.32073406e-05 6.48673111e+01
6.24551510e-03 3.63115554e+01 6.45079590e-05 6.46447785e+01
6.31788675e-03 3.63115609e+01 6.58331104e-05 6.44235309e+01
6.39109703e-03 3.63115399e+01 6.71718497e-05 6.42030356e+01
6.46515565e-03 3.63115416e+01 6.85483645e-05 6.39823141e+01
6.54007244e-03 3.63115353e+01 6.99319822e-05 6.37604514e+01
6.61585736e-03 3.63115314e+01 7.13639382e-05 6.35370978e+01
6.69252045e-03 3.63115214e+01 7.28321286e-05 6.33126845e+01
6.77007190e-03 3.63115208e+01 7.43130264e-05 6.30882084e+01
6.84852199e-03 3.63115195e+01 7.58242440e-05 6.28647649e+01
6.92788115e-03 3.63115243e+01 7.73735561e-05 6.26425307e+01
7.00815991e-03 3.63115188e+01 7.89523340e-05 6.24213464e+01
7.08936892e-03 3.63114419e+01 8.05551907e-05 6.22001015e+01
7.17151896e-03 3.63114082e+01 8.21866879e-05 6.19777951e+01
7.25462093e-03 3.63115122e+01 8.38502644e-05 6.17541021e+01
7.33868588e-03 3.63115096e+01 8.55589371e-05 6.15296134e+01
7.42372495e-03 3.63115069e+01 8.72893619e-05 6.13054707e+01
7.50974943e-03 3.63114925e+01 8.90680630e-05 6.10826060e+01
7.59677075e-03 3.63114920e+01 9.08792468e-05 6.08610889e+01
7.68480045e-03 3.63114969e+01 9.27008807e-05 6.06400606e+01
7.77385022e-03 3.63114967e+01 9.45758005e-05 6.04183455e+01
7.86393188e-03 3.63114902e+01 9.64851150e-05 6.01953299e+01
7.95505738e-03 3.63114867e+01 9.84389443e-05 5.99714545e+01
8.04723883e-03 3.63114849e+01 1.00426008e-04 5.97479065e+01
8.14048845e-03 3.63114603e+01 1.02448510e-04 5.95257006e+01
8.23481863e-03 3.63114746e+01 1.04517711e-04 5.93048562e+01
8.33024189e-03 3.63114728e+01 1.06625978e-04 5.90843638e+01
8.42677089e-03 3.63114682e+01 1.08772353e-04 5.88630254e+01
8.52441845e-03 3.63114666e+01 1.10959258e-04 5.86404990e+01
8.62319753e-03 3.63114577e+01 1.13181047e-04 5.84176330e+01
8.72312124e-03 3.63120353e+01 1.15454684e-04 5.81957366e+01
8.82420284e-03 3.63114525e+01 1.17776594e-04 5.79753899e+01
8.92645575e-03 3.63114496e+01 1.20153248e-04 5.77558871e+01
9.02989355e-03 3.63114448e+01 1.22555358e-04 5.75358956e+01
9.13452996e-03 3.63114431e+01 1.25000936e-04 5.73147627e+01
9.24037887e-03 3.63114322e+01 1.27510381e-04 5.70931981e+01
9.34745434e-03 3.63114301e+01 1.30050621e-04 5.68725873e+01
9.45577057e-03 3.63114286e+01 1.32670693e-04 5.66535651e+01
9.56534195e-03 3.63114225e+01 1.35294673e-04 5.64353288e+01
9.67618302e-03 3.63114170e+01 1.38007198e-04 5.62164927e+01
9.78830849e-03 3.63114115e+01 1.40771374e-04 5.59967150e+01
9.90173325e-03 3.63114069e+01 1.43571347e-04 5.57768737e+01
1.00164723e-02 3.63114034e+01 1.46409357e-04 5.55581939e+01
1.01325410e-02 3.63113984e+01 1.49368539e-04 5.53411625e+01
1.02499547e-02 3.63113932e+01 1.52328303e-04 5.51242554e+01
1.03687289e-02 3.63113877e+01 1.55364801e-04 5.49063819e+01
1.04888794e-02 3.63113824e+01 1.58452889e-04 5.46880620e+01
1.06104222e-02 3.63113768e+01 1.61593328e-04 5.44708013e+01
1.07333734e-02 3.63113714e+01 1.64823132e-04 5.42551469e+01
1.08577494e-02 3.63113655e+01 1.68087415e-04 5.40399468e+01
1.09835666e-02 3.63113598e+01 1.71397911e-04 5.38238986e+01
1.11108418e-02 3.63113536e+01 1.74813044e-04 5.36073681e+01
1.12395917e-02 3.63113477e+01 1.78291014e-04 5.33919101e+01
1.13698336e-02 3.63113415e+01 1.81814056e-04 5.31780488e+01
1.15015848e-02 3.63113350e+01 1.85394636e-04 5.29644955e+01
1.16348626e-02 3.63113286e+01 1.89060503e-04 5.27500688e+01
1.17696848e-02 3.63113219e+01 1.92798182e-04 5.25355115e+01
1.19060693e-02 3.63113152e+01 1.96623207e-04 5.23223760e+01
1.20440342e-02 3.63113084e+01 2.00472164e-04 5.21105642e+01
1.21835978e-02 3.63113013e+01 2.04458468e-04 5.18984730e+01
1.23247786e-02 3.63112942e+01 2.08471122e-04 5.16856343e+01
1.24675955e-02 3.63112869e+01 2.12583511e-04 5.14735301e+01
1.26120672e-02 3.63112800e+01 2.16764290e-04 5.12630759e+01
1.27582130e-02 3.63112719e+01 2.21047805e-04 5.10530181e+01
1.29060524e-02 3.63112643e+01 2.25346162e-04 5.08421518e+01
1.30556049e-02 3.63112564e+01 2.29812305e-04 5.06315198e+01
1.32068903e-02 3.63112483e+01 2.34323988e-04 5.04225120e+01
1.33599289e-02 3.63112402e+01 2.38930733e-04 5.02142561e+01
1.35147408e-02 3.63112319e+01 2.43602951e-04 5.00052751e+01
1.36713466e-02 3.63112234e+01 2.48377530e-04 4.97963770e+01
1.38297671e-02 3.63112147e+01 2.53273079e-04 4.95890722e+01
1.39900234e-02 3.63112058e+01 2.58192939e-04 4.93825250e+01
1.41521367e-02 3.63111969e+01 2.63232667e-04 4.91752660e+01
1.43161286e-02 3.63111876e+01 2.68373584e-04 4.89682775e+01
1.44820207e-02 3.63111784e+01 2.73620494e-04 4.87629139e+01
1.46498351e-02 3.63111686e+01 2.78981540e-04 4.85579689e+01
1.48195942e-02 3.63111589e+01 2.84420263e-04 4.83523350e+01
1.49913204e-02 3.63111491e+01 2.89962577e-04 4.81475006e+01
1.51650365e-02 3.63111389e+01 2.95659027e-04 4.79441585e+01
1.53407656e-02 3.63111285e+01 3.01400397e-04 4.77405992e+01
1.55185310e-02 3.63111181e+01 3.07267986e-04 4.75367520e+01
1.56983563e-02 3.63111074e+01 3.13250799e-04 4.73343576e+01
1.58802654e-02 3.63110965e+01 3.19351956e-04 4.71327255e+01
1.60642824e-02 3.63110853e+01 3.25573831e-04 4.69304548e+01
1.62504317e-02 3.63110739e+01 3.31912956e-04 4.67289722e+01
1.64387381e-02 3.63110624e+01 3.38344952e-04 4.65288732e+01
1.66292266e-02 3.63110505e+01 3.44901128e-04 4.63283845e+01
1.68219224e-02 3.63110385e+01 3.51610336e-04 4.61280623e+01
1.70168511e-02 3.63110262e+01 3.58396598e-04 4.59292878e+01
1.72140386e-02 3.63110136e+01 3.65357013e-04 4.57305115e+01
1.74135111e-02 3.63110011e+01 3.72446139e-04 4.55315541e+01
1.76152950e-02 3.63109880e+01 3.79661535e-04 4.53341007e+01
1.78194172e-02 3.63109748e+01 3.87011361e-04 4.51369004e+01
1.80259046e-02 3.63109612e+01 3.94489607e-04 4.49394132e+01
1.82347848e-02 3.63109475e+01 4.02114996e-04 4.47433724e+01
1.84460855e-02 3.63109334e+01 4.09889338e-04 4.45476257e+01
1.86598347e-02 3.63109192e+01 4.17816670e-04 4.43516413e+01
1.88760607e-02 3.63109045e+01 4.25874650e-04 4.41571119e+01
1.90947923e-02 3.63108897e+01 4.34101427e-04 4.39627116e+01
1.93160586e-02 3.63108746e+01 4.42454926e-04 4.37682952e+01
1.95398888e-02 3.63108591e+01 4.50999098e-04 4.35753260e+01
1.97663127e-02 3.63108434e+01 4.59657929e-04 4.33821747e+01
1.99953603e-02 3.63108273e+01 4.68531108e-04 4.31894607e+01
2.02270622e-02 3.63108110e+01 4.77555269e-04 4.29979680e+01
2.04614489e-02 3.63107943e+01 4.86722898e-04 4.28060633e+01
2.06985516e-02 3.63107773e+01 4.96100109e-04 4.26152175e+01
2.09384019e-02 3.63107600e+01 5.05628914e-04 4.24249451e+01
2.11810315e-02 3.63107424e+01 5.15314936e-04 4.22345340e+01
2.14264726e-02 3.63107244e+01 5.25235270e-04 4.20454937e+01
2.16747578e-02 3.63107061e+01 5.35296558e-04 4.18562375e+01
2.19259201e-02 3.63106874e+01 5.45550731e-04 4.16677670e+01
2.21799928e-02 3.63106683e+01 5.55999988e-04 4.14800181e+01
2.24370097e-02 3.63106489e+01 5.66645977e-04 4.12921523e+01
2.26970048e-02 3.63106292e+01 5.77512561e-04 4.11055903e+01
2.29600126e-02 3.63106091e+01 5.88551592e-04 4.09187745e+01
2.32260682e-02 3.63105885e+01 5.99830830e-04 4.07329945e+01
2.34952067e-02 3.63105676e+01 6.11258958e-04 4.05475002e+01
2.37674640e-02 3.63105462e+01 6.22990586e-04 4.03624003e+01
2.40428761e-02 3.63105245e+01 6.34882367e-04 4.01781901e+01
2.43214797e-02 3.63105024e+01 6.46990546e-04 3.99939048e+01
2.46033116e-02 3.63104798e+01 6.59327938e-04 3.98108098e+01
2.48884093e-02 3.63104567e+01 6.71936772e-04 3.96275079e+01
2.51768107e-02 3.63104333e+01 6.84745387e-04 3.94453952e+01
2.54685540e-02 3.63104094e+01 6.97778525e-04 3.92631718e+01
2.57636780e-02 3.63103851e+01 7.11060224e-04 3.90819881e+01
2.60622218e-02 3.63103603e+01 7.24574183e-04 3.89008587e+01
2.63642251e-02 3.63103350e+01 7.38383680e-04 3.87206107e+01
2.66697279e-02 3.63103092e+01 7.52440063e-04 3.85405499e+01
2.69787708e-02 3.63102830e+01 7.66724148e-04 3.83612731e+01
2.72913948e-02 3.63102562e+01 7.81279656e-04 3.81822416e+01
2.76076415e-02 3.63102290e+01 7.96126966e-04 3.80039757e+01
2.79275527e-02 3.63102012e+01 8.11260806e-04 3.78259224e+01
2.82511710e-02 3.63101728e+01 8.26637726e-04 3.76487025e+01
2.85785394e-02 3.63101440e+01 8.42312303e-04 3.74716304e+01
2.89097012e-02 3.63101146e+01 8.58266381e-04 3.72954753e+01
2.92447004e-02 3.63100847e+01 8.74519905e-04 3.71193689e+01
2.95835815e-02 3.63100542e+01 8.91078177e-04 3.69442582e+01
2.99263895e-02 3.63100231e+01 9.07974414e-04 3.67691618e+01
3.02731699e-02 3.63099914e+01 9.25143357e-04 3.65950522e+01
3.06239687e-02 3.63099592e+01 9.42658181e-04 3.64210646e+01
3.09788325e-02 3.63099263e+01 9.60471835e-04 3.62477922e+01
3.13378084e-02 3.63098928e+01 9.78605881e-04 3.60750071e+01
3.17009440e-02 3.63098586e+01 9.97079402e-04 3.59025512e+01
3.20682875e-02 3.63098238e+01 1.01588034e-03 3.57309341e+01
3.24398877e-02 3.63097884e+01 1.03505166e-03 3.55594300e+01
3.28157940e-02 3.63097522e+01 1.05455658e-03 3.53887526e+01
3.31960561e-02 3.63097155e+01 1.07444460e-03 3.52184509e+01
3.35807247e-02 3.63096780e+01 1.09467569e-03 3.50485408e+01
3.39698507e-02 3.63096398e+01 1.11530224e-03 3.48794314e+01
3.43634858e-02 3.63096009e+01 1.13629611e-03 3.47105166e+01
3.47616823e-02 3.63095612e+01 1.15766464e-03 3.45422435e+01
3.51644930e-02 3.63095209e+01 1.17942133e-03 3.43745946e+01
3.55719714e-02 3.63094797e+01 1.20159191e-03 3.42071759e+01
3.59841715e-02 3.63094378e+01 1.22416144e-03 3.40404622e+01
3.64011481e-02 3.63093951e+01 1.24713648e-03 3.38742986e+01
3.68229566e-02 3.63093516e+01 1.27055524e-03 3.37084082e+01
3.72496529e-02 3.63093073e+01 1.29440091e-03 3.35431842e+01
3.76812936e-02 3.63092621e+01 1.31862486e-03 3.33785447e+01
3.81179361e-02 3.63092161e+01 1.34338020e-03 3.32142037e+01
3.85596384e-02 3.63091692e+01 1.36852265e-03 3.30504232e+01
3.90064589e-02 3.63091215e+01 1.39414443e-03 3.28873002e+01
3.94584572e-02 3.63090729e+01 1.42024592e-03 3.27245610e+01
3.99156930e-02 3.63090233e+01 1.44681864e-03 3.25622273e+01
4.03782273e-02 3.63089728e+01 1.47383740e-03 3.24005186e+01
4.08461212e-02 3.63089214e+01 1.50140486e-03 3.22393787e+01
4.13194371e-02 3.63088690e+01 1.52945402e-03 3.20786303e+01
4.17982376e-02 3.63088157e+01 1.55800359e-03 3.19183202e+01
4.22825863e-02 3.63087613e+01 1.58710303e-03 3.17585954e+01
4.27725476e-02 3.63087060e+01 1.61666013e-03 3.15994468e+01
4.32681864e-02 3.63086496e+01 1.64682192e-03 3.14407570e+01
4.37695686e-02 3.63085921e+01 1.67752351e-03 3.12824871e+01
4.42767607e-02 3.63085336e+01 1.70873956e-03 3.11247063e+01
4.47898300e-02 3.63084740e+01 1.74056053e-03 3.09674803e+01
4.53088446e-02 3.63084133e+01 1.77293364e-03 3.08108006e+01
4.58338735e-02 3.63083514e+01 1.80590925e-03 3.06546150e+01
4.63649863e-02 3.63082884e+01 1.83946824e-03 3.04988887e+01
4.69022535e-02 3.63082242e+01 1.87365622e-03 3.03436266e+01
4.74457465e-02 3.63081589e+01 1.90844747e-03 3.01888544e+01
4.79955373e-02 3.63080923e+01 1.94385767e-03 3.00345944e+01
4.85516990e-02 3.63080245e+01 1.97994385e-03 2.98808532e+01
4.91143053e-02 3.63079554e+01 2.01663762e-03 2.97276248e+01
4.96834310e-02 3.63078851e+01 2.05402914e-03 2.95748988e+01
5.02591517e-02 3.63078135e+01 2.09208444e-03 2.94226662e+01
5.08415436e-02 3.63077405e+01 2.13083326e-03 2.92709221e+01
5.14306842e-02 3.63076661e+01 2.17025370e-03 2.91196653e+01
5.20266516e-02 3.63075904e+01 2.21039880e-03 2.89688982e+01
5.26295249e-02 3.63075133e+01 2.25127725e-03 2.88186226e+01
5.32393842e-02 3.63074348e+01 2.29287190e-03 2.86688389e+01
5.38563104e-02 3.63073548e+01 2.33521196e-03 2.85195481e+01
5.44803854e-02 3.63072734e+01 2.37833361e-03 2.83707507e+01
5.51116921e-02 3.63071904e+01 2.42223408e-03 2.82224451e+01
5.57503142e-02 3.63071059e+01 2.46690702e-03 2.80746297e+01
5.63963365e-02 3.63070199e+01 2.51238072e-03 2.79273038e+01
5.70498448e-02 3.63069322e+01 2.55866865e-03 2.77804664e+01
5.77109258e-02 3.63068430e+01 2.60579202e-03 2.76341113e+01
5.83796673e-02 3.63067521e+01 2.65375365e-03 2.74882433e+01
5.90561580e-02 3.63066595e+01 2.70257251e-03 2.73428627e+01
5.97404877e-02 3.63065653e+01 2.75226434e-03 2.71979753e+01
6.04327472e-02 3.63064693e+01 2.80285863e-03 2.70535873e+01
6.11330285e-02 3.63063715e+01 2.85434202e-03 2.69097024e+01
6.18414246e-02 3.63062720e+01 2.90675555e-03 2.67663150e+01
6.25580293e-02 3.63061706e+01 2.96009153e-03 2.66234071e+01
6.32829379e-02 3.63060673e+01 3.01438958e-03 2.64809616e+01
6.40162466e-02 3.63059622e+01 3.06965563e-03 2.63389814e+01
6.47580528e-02 3.63058551e+01 3.12589999e-03 2.61974961e+01
6.55084548e-02 3.63057461e+01 3.18314247e-03 2.60565295e+01
6.62675523e-02 3.63056351e+01 3.24140952e-03 2.59160604e+01
6.70354460e-02 3.63055220e+01 3.30071278e-03 2.57760379e+01
6.78122379e-02 3.63054069e+01 3.36105548e-03 2.56364699e+01
6.85980312e-02 3.63052897e+01 3.42249476e-03 2.54974231e+01
6.93929300e-02 3.63051703e+01 3.48501383e-03 2.53588897e+01
7.01970399e-02 3.63050487e+01 3.54862749e-03 2.52207881e+01
7.10104677e-02 3.63049250e+01 3.61338598e-03 2.50831559e+01
7.18333213e-02 3.63047989e+01 3.67928067e-03 2.49460627e+01
7.26657100e-02 3.63046706e+01 3.74635347e-03 2.48094121e+01
7.35077442e-02 3.63045400e+01 3.81460627e-03 2.46732156e+01
7.43595356e-02 3.63044069e+01 3.88406193e-03 2.45375654e+01
7.52211975e-02 3.63042714e+01 3.95474586e-03 2.44023390e+01
7.60928441e-02 3.63041335e+01 4.02668086e-03 2.42676064e+01
7.69745912e-02 3.63039931e+01 4.09989563e-03 2.41333760e+01
7.78665557e-02 3.63038501e+01 4.17439089e-03 2.39995680e+01
7.87688562e-02 3.63037045e+01 4.25019437e-03 2.38663023e+01
7.96816123e-02 3.63035563e+01 4.32734744e-03 2.37334451e+01
8.06049452e-02 3.63034054e+01 4.40584205e-03 2.36011305e+01
8.15389775e-02 3.63032517e+01 4.48572960e-03 2.34692239e+01
8.24838331e-02 3.63030953e+01 4.56702162e-03 2.33378543e+01
8.34396375e-02 3.63029360e+01 4.64972965e-03 2.32068942e+01
8.44065176e-02 3.63027738e+01 4.73389935e-03 2.30764725e+01
8.53846017e-02 3.63026087e+01 4.81951498e-03 2.29464631e+01
8.63740196e-02 3.63024406e+01 4.90666096e-03 2.28169730e+01
8.73749026e-02 3.63022695e+01 4.99533076e-03 2.26879348e+01
8.83873837e-02 3.63020953e+01 5.08555609e-03 2.25593502e+01
8.94115972e-02 3.63019180e+01 5.17736331e-03 2.24312775e+01
9.04476790e-02 3.63017374e+01 5.27077050e-03 2.23036351e+01
9.14957667e-02 3.63015536e+01 5.36581427e-03 2.21764652e+01
9.25559994e-02 3.63013665e+01 5.46251376e-03 2.20497941e+01
9.36285179e-02 3.63011760e+01 5.56089799e-03 2.19235667e+01
9.47134645e-02 3.63009820e+01 5.66100493e-03 2.17977915e+01
9.58109832e-02 3.63007846e+01 5.76285244e-03 2.16725040e+01
9.69212196e-02 3.63005836e+01 5.86647336e-03 2.15476934e+01
9.80443213e-02 3.63003791e+01 5.97189693e-03 2.14233352e+01
9.91804372e-02 3.63001708e+01 6.07915766e-03 2.12994295e+01
1.00329718e-01 3.62999588e+01 6.18826723e-03 2.11759887e+01
1.01492317e-01 3.62997430e+01 6.29928956e-03 2.10530187e+01
1.02668387e-01 3.62995233e+01 6.41222528e-03 2.09305170e+01
1.03858086e-01 3.62992997e+01 6.52712854e-03 2.08084794e+01
1.05061570e-01 3.62990721e+01 6.64402408e-03 2.06869033e+01
1.06279001e-01 3.62988404e+01 6.76293650e-03 2.05657865e+01
1.07510538e-01 3.62986046e+01 6.88391087e-03 2.04451278e+01
1.08756347e-01 3.62983645e+01 7.00697898e-03 2.03249272e+01
1.10016591e-01 3.62981202e+01 7.13217457e-03 2.02051980e+01
1.11291439e-01 3.62978715e+01 7.25952577e-03 2.00859133e+01
1.12581060e-01 3.62976183e+01 7.38907449e-03 1.99670833e+01
1.13885624e-01 3.62973607e+01 7.52086133e-03 1.98487090e+01
1.15205306e-01 3.62970984e+01 7.65491628e-03 1.97307839e+01
1.16540279e-01 3.62968315e+01 7.79127596e-03 1.96133305e+01
1.17890722e-01 3.62965598e+01 7.92998228e-03 1.94963368e+01
1.19256814e-01 3.62962833e+01 8.07108069e-03 1.93797952e+01
1.20638735e-01 3.62960018e+01 8.21459416e-03 1.92637037e+01
1.22036670e-01 3.62957154e+01 8.36057713e-03 1.91480542e+01
1.23450804e-01 3.62954239e+01 8.50905748e-03 1.90328726e+01
1.24881325e-01 3.62951272e+01 8.66008402e-03 1.89181451e+01
1.26328422e-01 3.62948252e+01 8.81370119e-03 1.88038498e+01
1.27792288e-01 3.62945179e+01 8.96993481e-03 1.86900184e+01
1.29273117e-01 3.62942051e+01 9.12885308e-03 1.85766446e+01
1.30771105e-01 3.62938868e+01 9.29048202e-03 1.84637001e+01
1.32286452e-01 3.62935628e+01 9.45487072e-03 1.83512285e+01
1.33819358e-01 3.62932332e+01 9.62206095e-03 1.82391835e+01
1.35370027e-01 3.62928977e+01 9.79210100e-03 1.81276041e+01
1.36938665e-01 3.62925562e+01 9.96504064e-03 1.80164541e+01
1.38525480e-01 3.62922088e+01 1.01409170e-02 1.79057671e+01
1.40130683e-01 3.62918552e+01 1.03197904e-02 1.77955048e+01
1.41754486e-01 3.62914954e+01 1.05017012e-02 1.76857064e+01
1.43397106e-01 3.62911292e+01 1.06866955e-02 1.75763395e+01
1.45058760e-01 3.62907566e+01 1.08748353e-02 1.74674158e+01
1.46739669e-01 3.62903774e+01 1.10661650e-02 1.73589478e+01
1.48440055e-01 3.62899916e+01 1.12607267e-02 1.72509121e+01
1.50160146e-01 3.62895990e+01 1.14585826e-02 1.71433111e+01
1.51900169e-01 3.62891994e+01 1.16597891e-02 1.70361567e+01
1.53660354e-01 3.62887929e+01 1.18643923e-02 1.69294472e+01
1.55440936e-01 3.62883792e+01 1.20724468e-02 1.68231755e+01
1.57242152e-01 3.62879583e+01 1.22840130e-02 1.67173401e+01
1.59064239e-01 3.62875300e+01 1.24991424e-02 1.66119406e+01
1.60907440e-01 3.62870943e+01 1.27178970e-02 1.65069771e+01
1.62772000e-01 3.62866509e+01 1.29403274e-02 1.64024494e+01
1.64658166e-01 3.62861997e+01 1.31664997e-02 1.62983573e+01
1.66566188e-01 3.62857407e+01 1.33964675e-02 1.61947002e+01
1.68496321e-01 3.62852736e+01 1.36302973e-02 1.60914768e+01
1.70448819e-01 3.62847984e+01 1.38680477e-02 1.59886852e+01
1.72423942e-01 3.62843149e+01 1.41097790e-02 1.58863254e+01
1.74421952e-01 3.62838230e+01 1.43555574e-02 1.57844011e+01
1.76443116e-01 3.62833225e+01 1.46054446e-02 1.56826668e+01
1.78487699e-01 3.62828133e+01 1.48595071e-02 1.55818561e+01
1.80555975e-01 3.62822952e+01 1.51178136e-02 1.54812211e+01
1.82648218e-01 3.62817682e+01 1.53804237e-02 1.53810251e+01
1.84764705e-01 3.62812320e+01 1.56474152e-02 1.52812548e+01
1.86905718e-01 3.62806865e+01 1.59188444e-02 1.51819079e+01
1.89071540e-01 3.62801315e+01 1.61947911e-02 1.50829832e+01
1.91262459e-01 3.62795669e+01 1.64753229e-02 1.49844869e+01
1.93478766e-01 3.62789926e+01 1.67605136e-02 1.48864242e+01
1.95720755e-01 3.62784083e+01 1.70504348e-02 1.47887818e+01
1.97988724e-01 3.62778139e+01 1.73451624e-02 1.46915613e+01
2.00282974e-01 3.62772092e+01 1.76447678e-02 1.45947715e+01
2.02603809e-01 3.62765941e+01 1.79493299e-02 1.44983991e+01
2.04951537e-01 3.62759684e+01 1.82589284e-02 1.44024466e+01
2.07326470e-01 3.62753318e+01 1.85736370e-02 1.43069182e+01
2.09728923e-01 3.62746844e+01 1.88935379e-02 1.42118106e+01
2.12159216e-01 3.62740257e+01 1.92187091e-02 1.41171214e+01
2.14617670e-01 3.62733558e+01 1.95492328e-02 1.40228487e+01
2.17104612e-01 3.62726743e+01 1.98851964e-02 1.39289925e+01
2.19620372e-01 3.62719811e+01 2.02266832e-02 1.38355527e+01
2.22165285e-01 3.62712760e+01 2.05737710e-02 1.37425287e+01
2.24739687e-01 3.62705588e+01 2.09265567e-02 1.36499204e+01
2.27343921e-01 3.62698294e+01 2.12851216e-02 1.35577296e+01
2.29978332e-01 3.62690874e+01 2.16495550e-02 1.34659570e+01
2.32643270e-01 3.62683327e+01 2.20199488e-02 1.33745987e+01
2.35339089e-01 3.62675651e+01 2.23963948e-02 1.32836497e+01
2.38066146e-01 3.62667845e+01 2.27789847e-02 1.31931179e+01
2.40824804e-01 3.62659904e+01 2.31678107e-02 1.31029955e+01
2.43615428e-01 3.62651829e+01 2.35629743e-02 1.30131587e+01
2.46438390e-01 3.62643615e+01 2.39645664e-02 1.29239798e+01
2.49294064e-01 3.62635262e+01 2.43726876e-02 1.28350865e+01
2.52182828e-01 3.62626766e+01 2.47874376e-02 1.27465982e+01
2.55105067e-01 3.62618126e+01 2.52089149e-02 1.26585198e+01
2.58061168e-01 3.62609339e+01 2.56372233e-02 1.25708439e+01
2.61051524e-01 3.62600403e+01 2.60724670e-02 1.24835716e+01
2.64076531e-01 3.62591315e+01 2.65147488e-02 1.23967060e+01
2.67136592e-01 3.62582074e+01 2.69641790e-02 1.23102470e+01
2.70232112e-01 3.62572675e+01 2.74208611e-02 1.22241917e+01
2.73363502e-01 3.62563117e+01 2.78849064e-02 1.21385398e+01
2.76531178e-01 3.62553398e+01 2.83564239e-02 1.20532889e+01
2.79735560e-01 3.62543515e+01 2.88355296e-02 1.19684404e+01
2.82977074e-01 3.62533464e+01 2.93223358e-02 1.18839944e+01
2.86256149e-01 3.62523244e+01 2.98169562e-02 1.17999460e+01
2.89573222e-01 3.62512852e+01 3.03195101e-02 1.17162933e+01
2.92928733e-01 3.62502284e+01 3.08301134e-02 1.16331302e+01
2.96323126e-01 3.62491539e+01 3.13488888e-02 1.15501854e+01
2.99756853e-01 3.62480613e+01 3.18759560e-02 1.14677270e+01
3.03230369e-01 3.62469503e+01 3.24114380e-02 1.13856594e+01
3.06744136e-01 3.62458207e+01 3.29554641e-02 1.13039902e+01
3.10298619e-01 3.62446721e+01 3.35081555e-02 1.12227129e+01
3.13894291e-01 3.62435043e+01 3.40696408e-02 1.11418280e+01
3.17531628e-01 3.62423169e+01 3.46400555e-02 1.10613368e+01
3.21211115e-01 3.62411096e+01 3.52195247e-02 1.09812202e+01
3.24933238e-01 3.62398821e+01 3.58081853e-02 1.09015109e+01
3.28698493e-01 3.62386342e+01 3.64061717e-02 1.08221923e+01
3.32507378e-01 3.62373654e+01 3.70136196e-02 1.07432617e+01
3.36360400e-01 3.62360754e+01 3.76306696e-02 1.06647193e+01
3.40258070e-01 3.62347640e+01 3.82574616e-02 1.05865631e+01
3.44200906e-01 3.62334307e+01 3.88941376e-02 1.05087906e+01
3.48189430e-01 3.62320752e+01 3.95408409e-02 1.04314033e+01
3.52224172e-01 3.62306972e+01 4.01977190e-02 1.03544107e+01
3.56305668e-01 3.62292964e+01 4.08649181e-02 1.02777891e+01
3.60434459e-01 3.62278722e+01 4.15425885e-02 1.02015581e+01
3.64611094e-01 3.62264245e+01 4.22308846e-02 1.01257105e+01
3.68836127e-01 3.62249528e+01 4.29299551e-02 1.00502429e+01
3.73110118e-01 3.62234568e+01 4.36399567e-02 9.97515602e+00
3.77433636e-01 3.62219360e+01 4.43610495e-02 9.90044974e+00
3.81807253e-01 3.62203901e+01 4.50933926e-02 9.82612214e+00
3.86231551e-01 3.62188187e+01 4.58371435e-02 9.75217195e+00
3.90707117e-01 3.62172214e+01 4.65924718e-02 9.67860659e+00
3.95234545e-01 3.62155978e+01 4.73595378e-02 9.60537897e+00
3.99814435e-01 3.62139474e+01 4.81385101e-02 9.53258141e+00
4.04447397e-01 3.62122700e+01 4.89295620e-02 9.46013322e+00
4.09134044e-01 3.62105649e+01 4.97328587e-02 9.38805667e+00
4.13874999e-01 3.62088319e+01 5.05485790e-02 9.31635578e+00
4.18670891e-01 3.62070705e+01 5.13769013e-02 9.24502473e+00
4.23522356e-01 3.62052803e+01 5.22179936e-02 9.17406800e+00
4.28430040e-01 3.62034607e+01 5.30720461e-02 9.10348166e+00
4.33394592e-01 3.62016114e+01 5.39392384e-02 9.03326408e+00
4.38416673e-01 3.61997319e+01 5.48197525e-02 8.96341407e+00
4.43496949e-01 3.61978217e+01 5.57137792e-02 8.89393113e+00
4.48636093e-01 3.61958804e+01 5.66215076e-02 8.82481358e+00
4.53834789e-01 3.61939075e+01 5.75431225e-02 8.75606002e+00
4.59093726e-01 3.61919025e+01 5.84788274e-02 8.68767165e+00
4.64413603e-01 3.61898649e+01 5.94288142e-02 8.61964910e+00
4.69795125e-01 3.61877942e+01 6.03932741e-02 8.55199058e+00
4.75239007e-01 3.61856899e+01 6.13724208e-02 8.48469445e+00
4.80745972e-01 3.61835515e+01 6.23664487e-02 8.41776064e+00
4.86316750e-01 3.61813785e+01 6.33755652e-02 8.35118660e+00
4.91952081e-01 3.61791704e+01 6.43999807e-02 8.28497238e+00
4.97652713e-01 3.61769266e+01 6.54399026e-02 8.21911669e+00
5.03419403e-01 3.61746466e+01 6.64955438e-02 8.15362150e+00
5.09252915e-01 3.61723298e+01 6.75671190e-02 8.08848318e+00
5.15154026e-01 3.61699757e+01 6.86548491e-02 8.02370045e+00
5.21123517e-01 3.61675837e+01 6.97589509e-02 7.95932100e+00
5.27162181e-01 3.61651532e+01 7.08796456e-02 7.89519951e+00
5.33270820e-01 3.61626838e+01 7.20171640e-02 7.83147924e+00
5.39450244e-01 3.61601747e+01 7.31717297e-02 7.76811197e+00
5.45701274e-01 3.61576255e+01 7.43435777e-02 7.70509818e+00
5.52024740e-01 3.61550354e+01 7.55329304e-02 7.64243637e+00
5.58421481e-01 3.61524039e+01 7.67400391e-02 7.58012305e+00
5.64892345e-01 3.61497304e+01 7.79651239e-02 7.51815608e+00
5.71438193e-01 3.61470142e+01 7.92084404e-02 7.45650326e+00
5.78059892e-01 3.61442547e+01 8.04702276e-02 7.39526338e+00
5.84758323e-01 3.61414513e+01 8.17507265e-02 7.33433800e+00
5.91534373e-01 3.61386033e+01 8.30501924e-02 7.27376128e+00
5.98388942e-01 3.61357101e+01 8.43688726e-02 7.21352842e+00
6.05322941e-01 3.61327709e+01 8.57070215e-02 7.15363892e+00
6.12337290e-01 3.61297852e+01 8.70649016e-02 7.09409132e+00
6.19432919e-01 3.61267522e+01 8.84427673e-02 7.03488445e+00
6.26610771e-01 3.61236712e+01 8.98408812e-02 6.97601807e+00
6.33871798e-01 3.61205416e+01 9.12595102e-02 6.91749332e+00
6.41216964e-01 3.61173625e+01 9.26989200e-02 6.85930639e+00
6.48647245e-01 3.61141333e+01 9.41593856e-02 6.80146253e+00
6.56163625e-01 3.61108533e+01 9.56411769e-02 6.74395510e+00
6.63767105e-01 3.61075216e+01 9.71445716e-02 6.68677952e+00
6.71458691e-01 3.61041377e+01 9.86698502e-02 6.62995169e+00
6.79239406e-01 3.61007007e+01 1.00217294e-01 6.57343358e+00
6.87110282e-01 3.60972098e+01 1.01787191e-01 6.51726184e+00
6.95072364e-01 3.60936642e+01 1.03379824e-01 6.46142171e+00
7.03126709e-01 3.60900631e+01 1.04995485e-01 6.40591300e+00
7.11274386e-01 3.60864058e+01 1.06634474e-01 6.35073629e+00
7.19516476e-01 3.60826915e+01 1.08297079e-01 6.29589013e+00
7.27854074e-01 3.60789193e+01 1.09983609e-01 6.24137198e+00
7.36288286e-01 3.60750885e+01 1.11694358e-01 6.18717939e+00
7.44820232e-01 3.60711980e+01 1.13429636e-01 6.13331695e+00
7.53451045e-01 3.60672472e+01 1.15189754e-01 6.07977121e+00
7.62181869e-01 3.60632350e+01 1.16975019e-01 6.02655733e+00
7.71013864e-01 3.60591607e+01 1.18785750e-01 5.97366735e+00
7.79948202e-01 3.60550233e+01 1.20622266e-01 5.92110025e+00
7.88986069e-01 3.60508221e+01 1.22484875e-01 5.86885383e+00
7.98128666e-01 3.60465561e+01 1.24373916e-01 5.81692782e+00
8.07377204e-01 3.60422243e+01 1.26289714e-01 5.76532133e+00
8.16732913e-01 3.60378258e+01 1.28232588e-01 5.71403266e+00
8.26197033e-01 3.60333596e+01 1.30202880e-01 5.66306493e+00
8.35770822e-01 3.60288249e+01 1.32200925e-01 5.61241341e+00
8.45455549e-01 3.60242206e+01 1.34227054e-01 5.56207774e+00
8.55252501e-01 3.60195458e+01 1.36281629e-01 5.51205626e+00
8.65162978e-01 3.60147996e+01 1.38364975e-01 5.46234994e+00
8.75188296e-01 3.60099809e+01 1.40477443e-01 5.41295845e+00
8.85329784e-01 3.60050886e+01 1.42619394e-01 5.36387941e+00
8.95588790e-01 3.60001216e+01 1.44791177e-01 5.31510979e+00
9.05966675e-01 3.59950791e+01 1.46993147e-01 5.26665509e+00
9.16464817e-01 3.59899600e+01 1.49225675e-01 5.21849929e+00
9.27084609e-01 3.59847633e+01 1.51489111e-01 5.17066439e+00
9.37827460e-01 3.59794878e+01 1.53783824e-01 5.12312283e+00
9.48694797e-01 3.59741324e+01 1.56110189e-01 5.07589470e+00
9.59688063e-01 3.59686960e+01 1.58468575e-01 5.02896727e+00
9.70808716e-01 3.59631775e+01 1.60859366e-01 4.98236755e+00
9.82058233e-01 3.59575758e+01 1.63282935e-01 4.93603285e+00
9.93438107e-01 3.59518898e+01 1.65739658e-01 4.89002282e+00
1.00494985e+00 3.59461184e+01 1.68229938e-01 4.84430447e+00
1.01659498e+00 3.59402603e+01 1.70754145e-01 4.79889089e+00
1.02837506e+00 3.59343144e+01 1.73312675e-01 4.75377935e+00
1.04029165e+00 3.59282793e+01 1.75905925e-01 4.70896606e+00
1.05234632e+00 3.59221540e+01 1.78534292e-01 4.66444952e+00
1.06454067e+00 3.59159373e+01 1.81198175e-01 4.62022975e+00
1.07687633e+00 3.59096280e+01 1.83897979e-01 4.57635164e+00
1.08935494e+00 3.59032247e+01 1.86634113e-01 4.53267666e+00
1.10197814e+00 3.58967262e+01 1.89406979e-01 4.48934029e+00
1.11474762e+00 3.58901311e+01 1.92216996e-01 4.44629542e+00
1.12766507e+00 3.58834383e+01 1.95064578e-01 4.40353829e+00
1.14073220e+00 3.58766464e+01 1.97950128e-01 4.36107921e+00
1.15395076e+00 3.58697542e+01 2.00874111e-01 4.31890584e+00
1.16732248e+00 3.58627602e+01 2.03836908e-01 4.27702073e+00
1.18084916e+00 3.58556632e+01 2.06838959e-01 4.23542464e+00
1.19453258e+00 3.58484616e+01 2.09880697e-01 4.19411860e+00
1.20837456e+00 3.58411542e+01 2.12962552e-01 4.15308955e+00
1.22237693e+00 3.58337396e+01 2.16084963e-01 4.11234957e+00
1.23654157e+00 3.58262165e+01 2.19248366e-01 4.07189390e+00
1.25087034e+00 3.58185833e+01 2.22453203e-01 4.03171948e+00
1.26536515e+00 3.58108385e+01 2.25699918e-01 3.99182629e+00
1.28002792e+00 3.58029808e+01 2.28988958e-01 3.95221347e+00
1.29486060e+00 3.57950087e+01 2.32320773e-01 3.91288031e+00
1.30986516e+00 3.57869207e+01 2.35695817e-01 3.87382374e+00
1.32504359e+00 3.57787153e+01 2.39114539e-01 3.83504499e+00
1.34039790e+00 3.57703910e+01 2.42577401e-01 3.79654190e+00
1.35593013e+00 3.57619461e+01 2.46084865e-01 3.75831336e+00
1.37164235e+00 3.57533793e+01 2.49637389e-01 3.72036197e+00
1.38753664e+00 3.57446889e+01 2.53235440e-01 3.68265026e+00
1.40361511e+00 3.57358734e+01 2.56879486e-01 3.64527662e+00
1.41987989e+00 3.57269311e+01 2.60569996e-01 3.60812129e+00
1.43633314e+00 3.57178605e+01 2.64307436e-01 3.57125741e+00
1.45297706e+00 3.57086597e+01 2.68092299e-01 3.53465772e+00
1.46981383e+00 3.56993275e+01 2.71925044e-01 3.49832587e+00
1.48684571e+00 3.56898619e+01 2.75806156e-01 3.46226435e+00
1.50407495e+00 3.56802613e+01 2.79736115e-01 3.42646015e+00
1.52150384e+00 3.56705240e+01 2.83715408e-01 3.39092591e+00
1.53913469e+00 3.56606483e+01 2.87744516e-01 3.35565517e+00
1.55696984e+00 3.56506325e+01 2.91823933e-01 3.32064725e+00
1.57501166e+00 3.56404749e+01 2.95954132e-01 3.28590029e+00
1.59326255e+00 3.56301736e+01 3.00135639e-01 3.25142371e+00
1.61172492e+00 3.56197268e+01 3.04368915e-01 3.21718486e+00
1.63040124e+00 3.56091328e+01 3.08654466e-01 3.18322053e+00
1.64929397e+00 3.55983899e+01 3.12992791e-01 3.14951070e+00
1.66840562e+00 3.55874961e+01 3.17384385e-01 3.11605830e+00
1.68773874e+00 3.55764495e+01 3.21829752e-01 3.08285567e+00
1.70729588e+00 3.55652483e+01 3.26329389e-01 3.04992488e+00
1.72707965e+00 3.55538907e+01 3.30883808e-01 3.01722092e+00
1.74709266e+00 3.55423747e+01 3.35493506e-01 2.98478091e+00
1.76733759e+00 3.55306984e+01 3.40158990e-01 2.95259182e+00
1.78781710e+00 3.55188599e+01 3.44880770e-01 2.92065474e+00
1.80853393e+00 3.55068572e+01 3.49659353e-01 2.88896500e+00
1.82949083e+00 3.54946883e+01 3.54495250e-01 2.85752509e+00
1.85069056e+00 3.54823514e+01 3.59388968e-01 2.82633183e+00
1.87213595e+00 3.54698442e+01 3.64341022e-01 2.79538350e+00
1.89382985e+00 3.54571649e+01 3.69351923e-01 2.76467980e+00
1.91577513e+00 3.54443113e+01 3.74422188e-01 2.73422002e+00
1.93797471e+00 3.54312816e+01 3.79552328e-01 2.70405398e+00
1.96043153e+00 3.54180734e+01 3.84742853e-01 2.67402544e+00
1.98314858e+00 3.54046848e+01 3.89994284e-01 2.64429273e+00
2.00612887e+00 3.53911136e+01 3.95307135e-01 2.61479992e+00
2.02937545e+00 3.53773577e+01 4.00681920e-01 2.58554531e+00
2.05289140e+00 3.53634150e+01 4.06119156e-01 2.55652092e+00
2.07667985e+00 3.53492832e+01 4.11619359e-01 2.52773798e+00
2.10074396e+00 3.53349602e+01 4.17183044e-01 2.49918865e+00
2.12508692e+00 3.53204439e+01 4.22810729e-01 2.47088726e+00
2.14971195e+00 3.53057319e+01 4.28502927e-01 2.44279347e+00
2.17462234e+00 3.52908220e+01 4.34260152e-01 2.41493813e+00
2.19982138e+00 3.52757120e+01 4.40082923e-01 2.38732400e+00
2.22531243e+00 3.52603997e+01 4.45971747e-01 2.35993424e+00
2.25109886e+00 3.52448827e+01 4.51927141e-01 2.33277798e+00
2.27718409e+00 3.52291586e+01 4.57949609e-01 2.30584306e+00
2.30357160e+00 3.52132252e+01 4.64039680e-01 2.27913430e+00
2.33026488e+00 3.51970802e+01 4.70197840e-01 2.25265679e+00
2.35726747e+00 3.51807211e+01 4.76424626e-01 2.22639836e+00
2.38458297e+00 3.51641456e+01 4.82720523e-01 2.20036819e+00
2.41221499e+00 3.51473513e+01 4.89086044e-01 2.17455900e+00
2.44016720e+00 3.51303358e+01 4.95521689e-01 2.14898430e+00
2.46844332e+00 3.51130966e+01 5.02027972e-01 2.12360522e+00
2.49704710e+00 3.50956313e+01 5.08605384e-01 2.09845743e+00
2.52598233e+00 3.50779374e+01 5.15254426e-01 2.07352438e+00
2.55525285e+00 3.50600125e+01 5.21975597e-01 2.04881031e+00
2.58486256e+00 3.50418540e+01 5.28769393e-01 2.02431137e+00
2.61481537e+00 3.50234594e+01 5.35636297e-01 2.00002673e+00
2.64511527e+00 3.50048263e+01 5.42576799e-01 1.97595683e+00
2.67576629e+00 3.49859519e+01 5.49591386e-01 1.95209908e+00
2.70677247e+00 3.49668338e+01 5.56680538e-01 1.92845263e+00
2.73813795e+00 3.49474695e+01 5.63844735e-01 1.90501613e+00
2.76986689e+00 3.49278561e+01 5.71084452e-01 1.88179030e+00
2.80196350e+00 3.49079912e+01 5.78400164e-01 1.85877118e+00
2.83443203e+00 3.48878722e+01 5.85792337e-01 1.83595849e+00
2.86727680e+00 3.48674963e+01 5.93261435e-01 1.81335608e+00
2.90050217e+00 3.48468610e+01 6.00807918e-01 1.79095905e+00
2.93411255e+00 3.48259634e+01 6.08432243e-01 1.76875132e+00
2.96811240e+00 3.48048010e+01 6.16134862e-01 1.74677305e+00
3.00250623e+00 3.47833710e+01 6.23916220e-01 1.72498071e+00
3.03729861e+00 3.47616707e+01 6.31776762e-01 1.70339358e+00
3.07249415e+00 3.47396973e+01 6.39716921e-01 1.68201443e+00
3.10809754e+00 3.47174481e+01 6.47737132e-01 1.66081396e+00
3.14411348e+00 3.46949203e+01 6.55837831e-01 1.63981899e+00
3.18054678e+00 3.46721111e+01 6.64019419e-01 1.61902323e+00
3.21740225e+00 3.46490178e+01 6.72282314e-01 1.59841225e+00
3.25468479e+00 3.46256374e+01 6.80626933e-01 1.57800905e+00
3.29239936e+00 3.46019671e+01 6.89053652e-01 1.55779580e+00
3.33055096e+00 3.45780043e+01 6.97562929e-01 1.53777215e+00
3.36914465e+00 3.45537458e+01 7.06155089e-01 1.51793997e+00
3.40818555e+00 3.45291890e+01 7.14830539e-01 1.49829949e+00
3.44767885e+00 3.45043308e+01 7.23589646e-01 1.47884837e+00
3.48762979e+00 3.44791685e+01 7.32432775e-01 1.45958414e+00
3.52804368e+00 3.44536990e+01 7.41360312e-01 1.44050520e+00
3.56892587e+00 3.44279195e+01 7.50372578e-01 1.42161297e+00
3.61028179e+00 3.44018271e+01 7.59469942e-01 1.40290412e+00
3.65211694e+00 3.43754187e+01 7.68652687e-01 1.38438288e+00
3.69443686e+00 3.43486915e+01 7.77921197e-01 1.36603719e+00
3.73724718e+00 3.43216424e+01 7.87275755e-01 1.34787642e+00
3.78055357e+00 3.42942686e+01 7.96716689e-01 1.32989491e+00
3.82436179e+00 3.42665669e+01 8.06244293e-01 1.31209325e+00
3.86867765e+00 3.42385344e+01 8.15858850e-01 1.29444657e+00
3.91350703e+00 3.42101680e+01 8.25560632e-01 1.27702181e+00
3.95885589e+00 3.41814649e+01 8.35349925e-01 1.25975113e+00
4.00473023e+00 3.41524218e+01 8.45226988e-01 1.24265507e+00
4.05113616e+00 3.41230359e+01 8.55192057e-01 1.22573452e+00
4.09807983e+00 3.40933040e+01 8.65245367e-01 1.20899106e+00
4.14556748e+00 3.40632231e+01 8.75387162e-01 1.19240933e+00
4.19360540e+00 3.40327902e+01 8.85617621e-01 1.17599992e+00
4.24219997e+00 3.40020021e+01 8.95937019e-01 1.15976273e+00
4.29135765e+00 3.39708558e+01 9.06345430e-01 1.14369479e+00
4.34108495e+00 3.39393482e+01 9.16843142e-01 1.12779210e+00
4.39138848e+00 3.39074762e+01 9.27430260e-01 1.11205360e+00
4.44227492e+00 3.38752368e+01 9.38106967e-01 1.09648658e+00
4.49375102e+00 3.38426267e+01 9.48873445e-01 1.08108092e+00
4.54582361e+00 3.38096430e+01 9.59729661e-01 1.06583681e+00
4.59849961e+00 3.37762825e+01 9.70675878e-01 1.05075611e+00
4.65178601e+00 3.37425421e+01 9.81712158e-01 1.03583458e+00
4.70568988e+00 3.37084188e+01 9.92838584e-01 1.02107525e+00
4.76021837e+00 3.36739092e+01 1.00405520e+00 1.00647248e+00
4.81537873e+00 3.36390105e+01 1.01536208e+00 9.92031418e-01
4.87117828e+00 3.36037193e+01 1.02675927e+00 9.77745338e-01
4.92762441e+00 3.35680327e+01 1.03824678e+00 9.63614153e-01
4.98472464e+00 3.35319475e+01 1.04982464e+00 9.49637882e-01
5.04248652e+00 3.34954605e+01 1.06149283e+00 9.35815161e-01
5.10091774e+00 3.34585687e+01 1.07325133e+00 9.22144860e-01
5.16002605e+00 3.34212689e+01 1.08510009e+00 9.08624129e-01
5.21981929e+00 3.33835580e+01 1.09703904e+00 8.95257217e-01
5.28030540e+00 3.33454330e+01 1.10906814e+00 8.82040144e-01
5.34149242e+00 3.33068905e+01 1.12118729e+00 8.68970275e-01
5.40338845e+00 3.32679276e+01 1.13339637e+00 8.56047369e-01
5.46600172e+00 3.32285413e+01 1.14569526e+00 8.43268422e-01
5.52934054e+00 3.31887281e+01 1.15808381e+00 8.30639518e-01
5.59341332e+00 3.31484855e+01 1.17056187e+00 8.18150702e-01
5.65822855e+00 3.31078098e+01 1.18312924e+00 8.05805670e-01
5.72379486e+00 3.30666983e+01 1.19578571e+00 7.93602623e-01
5.79012093e+00 3.30251479e+01 1.20853106e+00 7.81540515e-01
5.85721557e+00 3.29831553e+01 1.22136506e+00 7.69618315e-01
5.92508769e+00 3.29407175e+01 1.23428744e+00 7.57835505e-01
5.99374629e+00 3.28978317e+01 1.24729793e+00 7.46178080e-01
6.06320050e+00 3.28544947e+01 1.26039620e+00 7.34682477e-01
6.13345953e+00 3.28107034e+01 1.27358193e+00 7.23309391e-01
6.20453270e+00 3.27664549e+01 1.28685478e+00 7.12071838e-01
6.27642946e+00 3.27217461e+01 1.30021439e+00 7.00968389e-01
6.34915933e+00 3.26765740e+01 1.31366034e+00 6.90000023e-01
6.42273199e+00 3.26309359e+01 1.32719224e+00 6.79158673e-01
6.49715719e+00 3.25848283e+01 1.34080964e+00 6.68452733e-01
6.57244481e+00 3.25382487e+01 1.35451211e+00 6.57873575e-01
6.64860485e+00 3.24911942e+01 1.36829915e+00 6.47422667e-01
6.72564741e+00 3.24436614e+01 1.38217025e+00 6.37097550e-01
6.80358273e+00 3.23956480e+01 1.39612489e+00 6.26903509e-01
6.88242114e+00 3.23471508e+01 1.41016252e+00 6.16834074e-01
6.96217311e+00 3.22981666e+01 1.42428260e+00 6.06888225e-01
7.04284924e+00 3.22486933e+01 1.43848434e+00 5.97066465e-01
7.12446022e+00 3.21987277e+01 1.45276733e+00 5.87366922e-01
7.20701689e+00 3.21482669e+01 1.46713088e+00 5.77789600e-01
7.29053021e+00 3.20973085e+01 1.48157424e+00 5.68332523e-01
7.37501126e+00 3.20458495e+01 1.49609674e+00 5.58996309e-01
7.46047126e+00 3.19938870e+01 1.51069767e+00 5.49777556e-01
7.54692155e+00 3.19414187e+01 1.52537626e+00 5.40677291e-01
7.63437361e+00 3.18884416e+01 1.54013173e+00 5.31693689e-01
7.72283904e+00 3.18349532e+01 1.55496326e+00 5.22823706e-01
7.81232960e+00 3.17809510e+01 1.56987003e+00 5.14070140e-01
7.90285714e+00 3.17264320e+01 1.58485118e+00 5.05431147e-01
7.99443371e+00 3.16713941e+01 1.59990581e+00 4.96903771e-01
8.08707144e+00 3.16158348e+01 1.61503301e+00 4.88488250e-01
8.18078263e+00 3.15597512e+01 1.63023184e+00 4.80182652e-01
8.27557973e+00 3.15031411e+01 1.64550130e+00 4.71988161e-01
8.37147532e+00 3.14460020e+01 1.66084043e+00 4.63902550e-01
8.46848213e+00 3.13883314e+01 1.67624817e+00 4.55924609e-01
8.56661303e+00 3.13301273e+01 1.69172346e+00 4.48053561e-01
8.66588105e+00 3.12713859e+01 1.70726523e+00 4.40288038e-01
8.76629936e+00 3.12121085e+01 1.72287237e+00 4.32626412e-01
8.86788130e+00 3.11522895e+01 1.73854372e+00 4.25072488e-01
8.97064035e+00 3.10919276e+01 1.75427809e+00 4.17618897e-01
9.07459015e+00 3.10310209e+01 1.77007432e+00 4.10268155e-01
9.17974449e+00 3.09695672e+01 1.78593113e+00 4.03019282e-01
9.28611734e+00 3.09075642e+01 1.80184728e+00 3.95869203e-01
9.39372282e+00 3.08450103e+01 1.81782147e+00 3.88817995e-01
9.50257520e+00 3.07819032e+01 1.83385239e+00 3.81865826e-01
9.61268894e+00 3.07182410e+01 1.84993866e+00 3.75011477e-01
9.72407866e+00 3.06540221e+01 1.86607888e+00 3.68253293e-01
9.83675913e+00 3.05892441e+01 1.88227165e+00 3.61590298e-01
9.95074532e+00 3.05239058e+01 1.89851554e+00 3.55022232e-01
1.00660524e+01 3.04580050e+01 1.91480906e+00 3.48547859e-01
1.01826956e+01 3.03915403e+01 1.93115068e+00 3.42168199e-01
1.03006904e+01 3.03245100e+01 1.94753887e+00 3.35875903e-01
1.04200525e+01 3.02569124e+01 1.96397205e+00 3.29677228e-01
1.05407978e+01 3.01887462e+01 1.98044862e+00 3.23568091e-01
1.06629422e+01 3.01200096e+01 1.99696697e+00 3.17547662e-01
1.07865020e+01 3.00507015e+01 2.01352535e+00 3.11616476e-01
1.09114936e+01 2.99808204e+01 2.03012216e+00 3.05772735e-01
1.10379336e+01 2.99103649e+01 2.04675557e+00 3.00014913e-01
1.11658387e+01 2.98393341e+01 2.06342393e+00 2.94342765e-01
1.12952260e+01 2.97677264e+01 2.08012533e+00 2.88755689e-01
1.14261126e+01 2.96955410e+01 2.09685804e+00 2.83251748e-01
1.15585159e+01 2.96227768e+01 2.11362013e+00 2.77832319e-01
1.16924534e+01 2.95494326e+01 2.13040977e+00 2.72494269e-01
1.18279429e+01 2.94755078e+01 2.14722501e+00 2.67237435e-01
1.19650025e+01 2.94010012e+01 2.16406388e+00 2.62061271e-01
1.21036503e+01 2.93259125e+01 2.18092447e+00 2.56965590e-01
1.22439048e+01 2.92502404e+01 2.19780470e+00 2.51945345e-01
1.23857844e+01 2.91739848e+01 2.21470260e+00 2.47007001e-01
1.25293082e+01 2.90971447e+01 2.23161600e+00 2.42146124e-01
1.26744950e+01 2.90197198e+01 2.24854293e+00 2.37357367e-01
1.28213643e+01 2.89417097e+01 2.26548111e+00 2.32646031e-01
1.29699354e+01 2.88631139e+01 2.28242853e+00 2.28008100e-01
1.31202281e+01 2.87839324e+01 2.29938290e+00 2.23443994e-01
1.32722624e+01 2.87041646e+01 2.31634201e+00 2.18954045e-01
1.34260585e+01 2.86238107e+01 2.33330366e+00 2.14535464e-01
1.35816367e+01 2.85428704e+01 2.35026550e+00 2.10187905e-01
1.37390177e+01 2.84613441e+01 2.36722527e+00 2.05911408e-01
1.38982224e+01 2.83792315e+01 2.38418065e+00 2.01704363e-01
1.40592719e+01 2.82965331e+01 2.40112920e+00 1.97566262e-01
1.42221877e+01 2.82132489e+01 2.41806862e+00 1.93495224e-01
1.43869912e+01 2.81293796e+01 2.43499640e+00 1.89491847e-01
1.45537045e+01 2.80449253e+01 2.45191018e+00 1.85554479e-01
1.47223496e+01 2.79598867e+01 2.46880738e+00 1.81682057e-01
1.48929489e+01 2.78742644e+01 2.48568559e+00 1.77874757e-01
1.50655251e+01 2.77880594e+01 2.50254222e+00 1.74131066e-01
1.52401011e+01 2.77012716e+01 2.51937471e+00 1.70451509e-01
1.54167000e+01 2.76139028e+01 2.53618049e+00 1.66833871e-01
1.55953454e+01 2.75259536e+01 2.55295691e+00 1.63277967e-01
1.57760608e+01 2.74374251e+01 2.56970139e+00 1.59783403e-01
1.59588703e+01 2.73483184e+01 2.58641129e+00 1.56346435e-01
1.61437981e+01 2.72586349e+01 2.60308373e+00 1.52973276e-01
1.63308689e+01 2.71683757e+01 2.61971625e+00 1.49656843e-01
1.65201074e+01 2.70775424e+01 2.63630603e+00 1.46396894e-01
1.67115388e+01 2.69861365e+01 2.65285021e+00 1.43197024e-01
1.69051884e+01 2.68941596e+01 2.66934615e+00 1.40052035e-01
1.71010820e+01 2.68016134e+01 2.68579097e+00 1.36962519e-01
1.72992455e+01 2.67084997e+01 2.70218190e+00 1.33927979e-01
1.74997053e+01 2.66148205e+01 2.71851607e+00 1.30947861e-01
1.77024881e+01 2.65205777e+01 2.73479058e+00 1.28020955e-01
1.79076206e+01 2.64257736e+01 2.75100261e+00 1.25148303e-01
1.81151301e+01 2.63304101e+01 2.76714920e+00 1.22327015e-01
1.83250443e+01 2.62344898e+01 2.78322747e+00 1.19557380e-01
1.85373908e+01 2.61380150e+01 2.79923447e+00 1.16838327e-01
1.87521980e+01 2.60409882e+01 2.81516726e+00 1.14169439e-01
1.89694943e+01 2.59434120e+01 2.83102283e+00 1.11549833e-01
1.91893086e+01 2.58452891e+01 2.84679821e+00 1.08979341e-01
1.94116701e+01 2.57466225e+01 2.86249043e+00 1.06456757e-01
1.96366083e+01 2.56474150e+01 2.87809646e+00 1.03982295e-01
1.98641529e+01 2.55476696e+01 2.89361323e+00 1.01421488e-01
2.00943343e+01 2.54473895e+01 2.90903778e+00 9.91710229e-02
2.03271830e+01 2.53465778e+01 2.92436692e+00 9.68345161e-02
2.05627300e+01 2.52452381e+01 2.93959772e+00 9.45427416e-02
2.08010063e+01 2.51433737e+01 2.95472711e+00 9.22953047e-02
2.10420438e+01 2.50409881e+01 2.96975193e+00 9.00914658e-02
2.12858743e+01 2.49380850e+01 2.98466920e+00 8.79303468e-02
2.15325303e+01 2.48346683e+01 2.99947572e+00 8.58113880e-02
2.17820445e+01 2.47307418e+01 3.01416846e+00 8.37341223e-02
2.20344501e+01 2.46263094e+01 3.02874430e+00 8.16978113e-02
2.22897804e+01 2.45213754e+01 3.04320007e+00 7.97022573e-02
2.25480695e+01 2.44159438e+01 3.05753275e+00 7.77455102e-02
2.28093515e+01 2.43100190e+01 3.07173910e+00 7.58284244e-02
2.30736612e+01 2.42036054e+01 3.08581609e+00 7.39499333e-02
2.33410337e+01 2.40967075e+01 3.09976054e+00 7.21097719e-02
2.36115044e+01 2.39893300e+01 3.11356932e+00 7.03066612e-02
2.38851093e+01 2.38814776e+01 3.12723930e+00 6.85404254e-02
2.41618847e+01 2.37731552e+01 3.14076736e+00 6.68105178e-02
2.44418673e+01 2.36643677e+01 3.15414992e+00 6.51163408e-02
2.47250942e+01 2.35551202e+01 3.16738516e+00 6.34578676e-02
2.50116032e+01 2.34454178e+01 3.18046865e+00 6.18336456e-02
2.53014321e+01 2.33352659e+01 3.19339776e+00 6.02439837e-02
2.55946195e+01 2.32246699e+01 3.20616937e+00 5.86880212e-02
2.58912043e+01 2.31136351e+01 3.21878043e+00 5.71649452e-02
2.61912259e+01 2.30021673e+01 3.23122778e+00 5.56748426e-02
2.64947240e+01 2.28902722e+01 3.24350844e+00 5.42153725e-02
2.68017390e+01 2.27779555e+01 3.25561932e+00 5.27878902e-02
2.71123116e+01 2.26652232e+01 3.26755735e+00 5.13916117e-02
2.74264831e+01 2.25520814e+01 3.27931955e+00 5.00249828e-02
2.77442951e+01 2.24385360e+01 3.29090286e+00 4.86871018e-02
2.80657899e+01 2.23245934e+01 3.30230423e+00 4.73792343e-02
2.83910101e+01 2.22102600e+01 3.31352066e+00 4.61001419e-02
2.87199988e+01 2.20955424e+01 3.32454909e+00 4.48496681e-02
2.90527998e+01 2.19804463e+01 3.33538661e+00 4.36269435e-02
2.93894572e+01 2.18649793e+01 3.34603027e+00 4.24317093e-02
2.97300158e+01 2.17491478e+01 3.35647709e+00 4.12639438e-02
3.00745206e+01 2.16329587e+01 3.36672422e+00 4.01228838e-02
3.04230175e+01 2.15164188e+01 3.37676879e+00 3.90073293e-02
3.07755527e+01 2.13995353e+01 3.38660790e+00 3.79170833e-02
3.11321730e+01 2.12823154e+01 3.39623878e+00 3.68521025e-02
3.14929258e+01 2.11647662e+01 3.40565859e+00 3.58118176e-02
3.18578588e+01 2.10468951e+01 3.41486456e+00 3.47972972e-02
3.22270206e+01 2.09287096e+01 3.42385390e+00 3.38030397e-02
3.26004602e+01 2.08102172e+01 3.43262396e+00 3.28341363e-02
3.29782272e+01 2.06914253e+01 3.44117203e+00 3.18880394e-02
3.33603716e+01 2.05723420e+01 3.44949549e+00 3.09646451e-02
3.37469442e+01 2.04529750e+01 3.45759161e+00 3.00637210e-02
3.41379963e+01 2.03333320e+01 3.46545805e+00 2.91840279e-02
3.45335799e+01 2.02134212e+01 3.47309210e+00 2.83251422e-02
3.49337474e+01 2.00932506e+01 3.48049130e+00 2.74871377e-02
3.53385519e+01 1.99728283e+01 3.48765324e+00 2.66692050e-02
3.57480472e+01 1.98521625e+01 3.49457534e+00 2.58719360e-02
3.61622877e+01 1.97312618e+01 3.50125535e+00 2.50944529e-02
3.65813283e+01 1.96101344e+01 3.50769083e+00 2.43362575e-02
3.70052246e+01 1.94887887e+01 3.51387958e+00 2.35970054e-02
3.74340330e+01 1.93672335e+01 3.51981929e+00 2.28772487e-02
3.78678103e+01 1.92454774e+01 3.52550780e+00 2.21736368e-02
3.83066141e+01 1.91235288e+01 3.53094290e+00 2.14882545e-02
3.87505027e+01 1.90013970e+01 3.53612251e+00 2.08205190e-02
3.91995350e+01 1.88790906e+01 3.54104453e+00 2.01700312e-02
3.96537705e+01 1.87566185e+01 3.54570693e+00 1.95363071e-02
4.01132696e+01 1.86339897e+01 3.55010777e+00 1.89188867e-02
4.05780933e+01 1.85112134e+01 3.55424503e+00 1.83177446e-02
4.10483033e+01 1.83882988e+01 3.55811694e+00 1.77324243e-02
4.15239620e+01 1.82652549e+01 3.56172169e+00 1.71627128e-02
4.20051325e+01 1.81420910e+01 3.56505745e+00 1.66075407e-02
4.24918787e+01 1.80188165e+01 3.56812273e+00 1.60671067e-02
4.29842652e+01 1.78954408e+01 3.57091568e+00 1.55412078e-02
4.34823573e+01 1.77719733e+01 3.57343473e+00 1.50293159e-02
4.39862213e+01 1.76484234e+01 3.57567832e+00 1.45311432e-02
4.44959239e+01 1.75248009e+01 3.57764503e+00 1.40468979e-02
4.50115328e+01 1.74011149e+01 3.57933336e+00 1.35764021e-02
4.55331165e+01 1.72773757e+01 3.58074200e+00 1.31184241e-02
4.60607442e+01 1.71535925e+01 3.58186967e+00 1.26727778e-02
4.65944859e+01 1.70297752e+01 3.58271521e+00 1.22397115e-02
4.71344125e+01 1.69059336e+01 3.58327735e+00 1.18186548e-02
4.76805957e+01 1.67820775e+01 3.58355500e+00 1.14099628e-02
4.82331079e+01 1.66582168e+01 3.58354715e+00 1.10122166e-02
4.87920225e+01 1.65343609e+01 3.58325278e+00 1.06254426e-02
4.93574137e+01 1.64105205e+01 3.58267094e+00 1.02497890e-02
4.99293565e+01 1.62867052e+01 3.58180072e+00 9.88537373e-03
5.05079268e+01 1.61629249e+01 3.58064132e+00 9.53189805e-03
5.10932015e+01 1.60391898e+01 3.57919207e+00 9.18875747e-03
5.16852582e+01 1.59155097e+01 3.57745237e+00 8.85548464e-03
5.22841756e+01 1.57918948e+01 3.57542165e+00 8.53186506e-03
5.28900331e+01 1.56683552e+01 3.57309941e+00 8.21763264e-03
5.35029111e+01 1.55449008e+01 3.57048520e+00 7.91313324e-03
5.41228910e+01 1.54215419e+01 3.56757861e+00 7.61788252e-03
5.47500551e+01 1.52982884e+01 3.56437938e+00 7.33111008e-03
5.53844866e+01 1.51751506e+01 3.56088731e+00 7.05340885e-03
5.60262698e+01 1.50521386e+01 3.55710216e+00 6.78556929e-03
5.66754898e+01 1.49292624e+01 3.55302401e+00 6.52253744e-03
5.73322329e+01 1.48065323e+01 3.54865269e+00 6.26951927e-03
5.79965861e+01 1.46839584e+01 3.54398824e+00 6.02435754e-03
5.86686378e+01 1.45615507e+01 3.53903082e+00 5.78683140e-03
5.93484770e+01 1.44393194e+01 3.53378089e+00 5.55690685e-03
6.00361940e+01 1.43172746e+01 3.52823807e+00 5.33428358e-03
6.07318801e+01 1.41954265e+01 3.52240330e+00 5.11817699e-03
6.14356277e+01 1.40737851e+01 3.51627676e+00 4.90881514e-03
6.21475302e+01 1.39523604e+01 3.50985883e+00 4.70641310e-03
6.28676821e+01 1.38311627e+01 3.50315000e+00 4.51078451e-03
6.35961789e+01 1.37102018e+01 3.49615087e+00 4.32145221e-03
6.43331173e+01 1.35894878e+01 3.48886211e+00 4.13801831e-03
6.50785953e+01 1.34690308e+01 3.48128433e+00 3.96069220e-03
6.58327117e+01 1.33488406e+01 3.47341840e+00 3.78886877e-03
6.65955666e+01 1.32289274e+01 3.46526495e+00 3.62214975e-03
6.73672613e+01 1.31093008e+01 3.45682472e+00 3.46080692e-03
6.81478982e+01 1.29899709e+01 3.44809851e+00 3.30487170e-03
6.89375810e+01 1.28709476e+01 3.43908696e+00 3.15413099e-03
6.97364144e+01 1.27522406e+01 3.42979111e+00 3.00823185e-03
7.05445046e+01 1.26338599e+01 3.42021166e+00 2.86672012e-03
7.13619587e+01 1.25158152e+01 3.41034950e+00 2.72960612e-03
7.21888853e+01 1.23981162e+01 3.40020531e+00 2.59728997e-03
7.30253942e+01 1.22807727e+01 3.38977987e+00 2.46800485e-03
7.38715963e+01 1.21637944e+01 3.37907381e+00 2.34272678e-03
7.47276040e+01 1.20471910e+01 3.36808769e+00 2.22190814e-03
7.55935310e+01 1.19309721e+01 3.35682209e+00 2.10448139e-03
7.64694921e+01 1.18151474e+01 3.34527742e+00 1.99080242e-03
7.73556037e+01 1.16997265e+01 3.33345418e+00 1.88063632e-03
7.82519833e+01 1.15847191e+01 3.32135269e+00 1.77413092e-03
7.91587500e+01 1.14701348e+01 3.30897327e+00 1.67027327e-03
8.00760241e+01 1.13559832e+01 3.29631618e+00 1.57014044e-03
8.10039274e+01 1.12422738e+01 3.28338165e+00 1.47408969e-03
8.19425830e+01 1.11290163e+01 3.27017006e+00 1.38215051e-03
8.28921156e+01 1.10162202e+01 3.25668218e+00 1.29468579e-03
8.38526511e+01 1.09038950e+01 3.24291897e+00 1.21208526e-03
8.48243171e+01 1.07920503e+01 3.22888219e+00 1.13561140e-03
8.58072425e+01 1.06806954e+01 3.21457437e+00 1.06655379e-03
8.68015579e+01 1.05698398e+01 3.19999978e+00 1.00648295e-03
8.78073951e+01 1.04594923e+01 3.18516428e+00 9.56855020e-04
8.88248878e+01 1.03496620e+01 3.17007670e+00 9.20108591e-04
8.98541710e+01 1.02403574e+01 3.15474927e+00 8.98623889e-04
9.08953813e+01 1.01315865e+01 3.13919874e+00 8.94999094e-04
9.19486568e+01 1.00233566e+01 3.12344728e+00 9.11875327e-04
9.30141376e+01 9.91567412e+00 3.10752394e+00 9.51383402e-04
9.40919648e+01 9.80854453e+00 3.09146528e+00 1.01460148e-03
9.51822817e+01 9.70197167e+00 3.07531617e+00 1.10075337e-03
9.62852330e+01 9.59595779e+00 3.05912987e+00 1.20717201e-03
9.74009650e+01 9.49050316e+00 3.04296695e+00 1.32958342e-03
9.85296258e+01 9.38560582e+00 3.02689399e+00 1.46122179e-03
9.96713653e+01 9.28126142e+00 3.01098107e+00 1.59402772e-03
1.00826335e+02 9.17746324e+00 2.99529800e+00 1.71774374e-03
1.01994688e+02 9.07420229e+00 2.97991058e+00 1.82381244e-03
1.03176580e+02 8.97146716e+00 2.96487626e+00 1.90332093e-03
1.04372168e+02 8.86924486e+00 2.95024045e+00 1.95055066e-03
1.05581609e+02 8.76752112e+00 2.93603329e+00 1.96134881e-03
1.06805066e+02 8.66628074e+00 2.92226739e+00 1.93473133e-03
1.08042699e+02 8.56550868e+00 2.90893717e+00 1.87322050e-03
1.09294674e+02 8.46519014e+00 2.89601924e+00 1.77885277e-03
1.10561157e+02 8.36531147e+00 2.88347447e+00 1.66269080e-03
1.11842315e+02 8.26586074e+00 2.87125015e+00 1.52540744e-03
1.13138319e+02 8.16682767e+00 2.85928299e+00 1.37547055e-03
1.14449341e+02 8.06820498e+00 2.84750258e+00 1.21885846e-03
1.15775554e+02 7.96998734e+00 2.83583421e+00 1.06105930e-03
1.17117136e+02 7.87217212e+00 2.82420230e+00 9.06110930e-04
1.18474263e+02 7.77475934e+00 2.81253242e+00 7.58048550e-04
1.19847117e+02 7.67775160e+00 2.80075354e+00 6.18782024e-04
1.21235879e+02 7.58115386e+00 2.78879952e+00 4.90222685e-04
1.22640733e+02 7.48497331e+00 2.77661019e+00 3.72919127e-04
1.24061867e+02 7.38921879e+00 2.76413197e+00 2.67365478e-04
1.25499469e+02 7.29390123e+00 2.75131815e+00 1.73386762e-04
1.26953729e+02 7.19903294e+00 2.73812903e+00 9.07538574e-05
1.28424841e+02 7.10462749e+00 2.72453186e+00 1.85562723e-05
1.29912999e+02 7.01069939e+00 2.71050032e+00 -4.37302670e-05
1.31418402e+02 6.91726415e+00 2.69601433e+00 -9.72204921e-05
1.32941250e+02 6.82433770e+00 2.68105919e+00 -1.42823678e-04
1.34481744e+02 6.73193630e+00 2.66562552e+00 -1.80681288e-04
1.36040088e+02 6.64007673e+00 2.64970841e+00 -2.12451201e-04
1.37616491e+02 6.54877568e+00 2.63330723e+00 -2.38626837e-04
1.39211160e+02 6.45804982e+00 2.61642469e+00 -2.59773193e-04
1.40824308e+02 6.36791571e+00 2.59906682e+00 -2.76688194e-04
1.42456149e+02 6.27838968e+00 2.58124212e+00 -2.89930670e-04
1.44106900e+02 6.18948761e+00 2.56296142e+00 -2.99796515e-04
1.45776779e+02 6.10122512e+00 2.54423756e+00 -3.06771468e-04
1.47466008e+02 6.01361722e+00 2.52508512e+00 -3.11444816e-04
1.49174811e+02 5.92667854e+00 2.50551983e+00 -3.14187728e-04
1.50903416e+02 5.84042292e+00 2.48555854e+00 -3.14992566e-04
1.52652051e+02 5.75486385e+00 2.46521891e+00 -3.14329258e-04
1.54420950e+02 5.67001408e+00 2.44451929e+00 -3.12508118e-04
1.56210345e+02 5.58588563e+00 2.42347849e+00 -3.09717142e-04
1.58020476e+02 5.50249020e+00 2.40211552e+00 -3.06047000e-04
1.59851583e+02 5.41983830e+00 2.38044946e+00 -3.01839978e-04
1.61703908e+02 5.33794026e+00 2.35849938e+00 -2.97107627e-04
1.63577697e+02 5.25681633e+00 2.33628418e+00 -2.91969125e-04
1.65473199e+02 5.17644296e+00 2.31382240e+00 -2.86793675e-04
1.67390666e+02 5.09686071e+00 2.29113224e+00 -2.81418999e-04
1.69330352e+02 5.01806645e+00 2.26823146e+00 -2.75847265e-04
1.71292514e+02 4.94006708e+00 2.24513733e+00 -2.70129964e-04
1.73277414e+02 4.86286904e+00 2.22186702e+00 -2.64271515e-04
1.75285315e+02 4.78647806e+00 2.19843700e+00 -2.58053801e-04
1.77316482e+02 4.71089944e+00 2.17486393e+00 -2.51587092e-04
1.79371186e+02 4.63613826e+00 2.15116417e+00 -2.44928363e-04
1.81449700e+02 4.56219779e+00 2.12735401e+00 -2.38053287e-04
1.83552299e+02 4.48908194e+00 2.10344943e+00 -2.31137311e-04
1.85679262e+02 4.41679367e+00 2.07946623e+00 -2.24020928e-04
1.87830873e+02 4.34533514e+00 2.05542006e+00 -2.16726283e-04
1.90007415e+02 4.27470937e+00 2.03132642e+00 -2.09389183e-04
1.92209179e+02 4.20491617e+00 2.00720059e+00 -2.01990824e-04
1.94436457e+02 4.13595796e+00 1.98305760e+00 -1.94612317e-04
1.96689543e+02 4.06783355e+00 1.95891218e+00 -1.87349321e-04
1.98968738e+02 4.00054431e+00 1.93477864e+00 -1.80144581e-04
2.01274344e+02 3.93408838e+00 1.91067073e+00 -1.73333588e-04
2.03606667e+02 3.86846505e+00 1.88660141e+00 -1.66903137e-04
2.05966016e+02 3.80367279e+00 1.86258275e+00 -1.60904838e-04
2.08352705e+02 3.73970967e+00 1.83862585e+00 -1.55416424e-04
2.10767050e+02 3.67657337e+00 1.81474064e+00 -1.50395190e-04
2.13209372e+02 3.61426129e+00 1.79093604e+00 -1.45780600e-04
2.15679995e+02 3.55277047e+00 1.76722007e+00 -1.41339984e-04
2.18179247e+02 3.49209770e+00 1.74360011e+00 -1.37186017e-04
2.20707460e+02 3.43223955e+00 1.72008303e+00 -1.33244286e-04
2.23264969e+02 3.37319237e+00 1.69667510e+00 -1.29436142e-04
2.25852114e+02 3.31495228e+00 1.67338216e+00 -1.25820003e-04
2.28469238e+02 3.25751521e+00 1.65020960e+00 -1.22359503e-04
2.31116690e+02 3.20087693e+00 1.62716229e+00 -1.19074720e-04
2.33794819e+02 3.14503299e+00 1.60424479e+00 -1.15749402e-04
2.36503981e+02 3.08997886e+00 1.58146161e+00 -1.12258218e-04
2.39244537e+02 3.03570977e+00 1.55881779e+00 -1.08539256e-04
2.42016850e+02 2.98222091e+00 1.53631852e+00 -1.04632259e-04
2.44821288e+02 2.92950708e+00 1.51396978e+00 -1.00515553e-04
2.47658223e+02 2.87756302e+00 1.49177798e+00 -9.64248839e-05
2.50528031e+02 2.82638316e+00 1.46974967e+00 0.00000000e+00
2.53431095e+02 2.77596179e+00 1.44789129e+00 0.00000000e+00
2.56367798e+02 2.72629286e+00 1.42620911e+00 0.00000000e+00
2.59338532e+02 2.67737023e+00 1.40470903e+00 0.00000000e+00
2.62343689e+02 2.62918748e+00 1.38339654e+00 0.00000000e+00
2.65383670e+02 2.58173805e+00 1.36227658e+00 0.00000000e+00
2.68458877e+02 2.53501520e+00 1.34135456e+00 0.00000000e+00
2.71569720e+02 2.48901202e+00 1.32063416e+00 0.00000000e+00
2.74716609e+02 2.44372147e+00 1.30011867e+00 0.00000000e+00
2.77899965e+02 2.39913643e+00 1.27981018e+00 0.00000000e+00
2.81120208e+02 2.35524972e+00 1.25970974e+00 0.00000000e+00
2.84377767e+02 2.31205420e+00 1.23981748e+00 0.00000000e+00
2.87673074e+02 2.26954260e+00 1.22013289e+00 0.00000000e+00
2.91006566e+02 2.22770778e+00 1.20065544e+00 0.00000000e+00
2.94378685e+02 2.18654257e+00 1.18138569e+00 0.00000000e+00
2.97789881e+02 2.14603982e+00 1.16232552e+00 0.00000000e+00
3.01240604e+02 2.10619215e+00 1.14347798e+00 0.00000000e+00
3.04731313e+02 2.06699220e+00 1.12484639e+00 0.00000000e+00
3.08262473e+02 2.02843246e+00 1.10643355e+00 0.00000000e+00
3.11834550e+02 1.99050532e+00 1.08824135e+00 0.00000000e+00
3.15448020e+02 1.95320314e+00 1.07027058e+00 0.00000000e+00
3.19103362e+02 1.91651826e+00 1.05252091e+00 0.00000000e+00
3.22801061e+02 1.88044308e+00 1.03499110e+00 0.00000000e+00
3.26541608e+02 1.84496999e+00 1.01767951e+00 0.00000000e+00
3.30325500e+02 1.81009152e+00 1.00058482e+00 0.00000000e+00
3.34153239e+02 1.77580016e+00 9.83706233e-01 0.00000000e+00
3.38025333e+02 1.74208846e+00 9.67043461e-01 0.00000000e+00
3.41942296e+02 1.70894894e+00 9.50596413e-01 0.00000000e+00
3.45904648e+02 1.67637416e+00 9.34365320e-01 0.00000000e+00
3.49912914e+02 1.64435665e+00 9.18350196e-01 0.00000000e+00
3.53967628e+02 1.61288896e+00 9.02550830e-01 0.00000000e+00
3.58069326e+02 1.58196361e+00 8.86967043e-01 0.00000000e+00
3.62218555e+02 1.55157319e+00 8.71598199e-01 0.00000000e+00
3.66415863e+02 1.52171025e+00 8.56443620e-01 0.00000000e+00
3.70661809e+02 1.49236741e+00 8.41502334e-01 0.00000000e+00
3.74956956e+02 1.46353733e+00 8.26773464e-01 0.00000000e+00
3.79301875e+02 1.43521267e+00 8.12256019e-01 0.00000000e+00
3.83697141e+02 1.40738616e+00 7.97948815e-01 0.00000000e+00
3.88143339e+02 1.38005054e+00 7.83850785e-01 0.00000000e+00
3.92641058e+02 1.35319858e+00 7.69961125e-01 0.00000000e+00
3.97190896e+02 1.32682312e+00 7.56278967e-01 0.00000000e+00
4.01793456e+02 1.30091697e+00 7.42803331e-01 0.00000000e+00
4.06449350e+02 1.27547304e+00 7.29533328e-01 0.00000000e+00
4.11159195e+02 1.25048422e+00 7.16468231e-01 0.00000000e+00
4.15923617e+02 1.22594322e+00 7.03607164e-01 0.00000000e+00
4.20743248e+02 1.20184370e+00 6.90949006e-01 0.00000000e+00
4.25618728e+02 1.17817795e+00 6.78492243e-01 0.00000000e+00
4.30550703e+02 1.15493932e+00 6.66234863e-01 0.00000000e+00
4.35539830e+02 1.13212093e+00 6.54174586e-01 0.00000000e+00
4.40586769e+02 1.10971600e+00 6.42309062e-01 0.00000000e+00
4.45692191e+02 1.08771785e+00 6.30635857e-01 0.00000000e+00
4.50856774e+02 1.06611991e+00 6.19152220e-01 0.00000000e+00
4.56081202e+02 1.04491563e+00 6.07854870e-01 0.00000000e+00
4.61366171e+02 1.02409867e+00 5.96740062e-01 0.00000000e+00
4.66712380e+02 1.00366279e+00 5.85803977e-01 0.00000000e+00
4.72120540e+02 9.83601839e-01 5.75042913e-01 0.00000000e+00
4.77591368e+02 9.63909865e-01 5.64452981e-01 0.00000000e+00
4.83125591e+02 9.44581028e-01 5.54030252e-01 0.00000000e+00
4.88723944e+02 9.25609586e-01 5.43771158e-01 0.00000000e+00
4.94387169e+02 9.06989957e-01 5.33672576e-01 0.00000000e+00
5.00116018e+02 8.88716644e-01 5.23731831e-01 0.00000000e+00
5.05911252e+02 8.70784208e-01 5.13946669e-01 0.00000000e+00
5.11773640e+02 8.53187332e-01 5.04315126e-01 0.00000000e+00
5.17703960e+02 8.35920721e-01 4.94835299e-01 0.00000000e+00
5.23702999e+02 8.18979174e-01 4.85505383e-01 0.00000000e+00
5.29771553e+02 8.02357529e-01 4.76324016e-01 0.00000000e+00
5.35910429e+02 7.86050675e-01 4.67290285e-01 0.00000000e+00
5.42120441e+02 7.70053513e-01 4.58403265e-01 0.00000000e+00
5.48402413e+02 7.54361005e-01 4.49661478e-01 0.00000000e+00
5.54757178e+02 7.38968154e-01 4.41063098e-01 0.00000000e+00
5.61185582e+02 7.23870039e-01 4.32606304e-01 0.00000000e+00
5.67688477e+02 7.09061822e-01 4.24288703e-01 0.00000000e+00
5.74266725e+02 6.94538722e-01 4.16107320e-01 0.00000000e+00
5.80921201e+02 6.80296083e-01 4.08059242e-01 0.00000000e+00
5.87652788e+02 6.66329356e-01 4.00141871e-01 0.00000000e+00
5.94462378e+02 6.52634054e-01 3.92352695e-01 0.00000000e+00
6.01350877e+02 6.39205787e-01 3.84689475e-01 0.00000000e+00
6.08319198e+02 6.26040236e-01 3.77150555e-01 0.00000000e+00
6.15368266e+02 6.13133130e-01 3.69734699e-01 0.00000000e+00
6.22499018e+02 6.00480225e-01 3.62441082e-01 0.00000000e+00
6.29712399e+02 5.88077315e-01 3.55269554e-01 0.00000000e+00
6.37009367e+02 5.75920139e-01 3.48220735e-01 0.00000000e+00
6.44390891e+02 5.64004469e-01 3.41295565e-01 0.00000000e+00
6.51857950e+02 5.52326012e-01 3.34494994e-01 0.00000000e+00
6.59411536e+02 5.40880436e-01 3.27819835e-01 0.00000000e+00
6.67052651e+02 5.29663398e-01 3.21270722e-01 0.00000000e+00
6.74782310e+02 5.18670546e-01 3.14847748e-01 0.00000000e+00
6.82601538e+02 5.07897521e-01 3.08550057e-01 0.00000000e+00
6.90511374e+02 4.97340025e-01 3.02376195e-01 0.00000000e+00
6.98512867e+02 4.86993801e-01 2.96324701e-01 0.00000000e+00
7.06607079e+02 4.76854642e-01 2.90393909e-01 0.00000000e+00
7.14795086e+02 4.66918414e-01 2.84581919e-01 0.00000000e+00
7.23077974e+02 4.57181044e-01 2.78887130e-01 0.00000000e+00
7.31456841e+02 4.47638500e-01 2.73308051e-01 0.00000000e+00
7.39932802e+02 4.38286807e-01 2.67842912e-01 0.00000000e+00
7.48506979e+02 4.29122066e-01 2.62490353e-01 0.00000000e+00
7.57180513e+02 4.20140394e-01 2.57249566e-01 0.00000000e+00
7.65954553e+02 4.11337953e-01 2.52118644e-01 0.00000000e+00
7.74830265e+02 4.02711006e-01 2.47094340e-01 0.00000000e+00
7.83808827e+02 3.94255922e-01 2.42172994e-01 0.00000000e+00
7.92891431e+02 3.85969219e-01 2.37350396e-01 0.00000000e+00
8.02079281e+02 3.77847567e-01 2.32621462e-01 0.00000000e+00
8.11373599e+02 3.69887822e-01 2.27980882e-01 0.00000000e+00
8.20775617e+02 3.62087014e-01 2.23423789e-01 0.00000000e+00
8.30286583e+02 3.54442342e-01 2.18945515e-01 0.00000000e+00
8.39907760e+02 3.46951152e-01 2.14542175e-01 0.00000000e+00
8.49640426e+02 3.39610897e-01 2.10211535e-01 0.00000000e+00
8.59485871e+02 3.32419075e-01 2.05952680e-01 0.00000000e+00
8.69445404e+02 3.25373226e-01 2.01765233e-01 0.00000000e+00
8.79520345e+02 3.18470878e-01 1.97648850e-01 0.00000000e+00
8.89712032e+02 3.11709587e-01 1.93603132e-01 0.00000000e+00
9.00021819e+02 3.05086918e-01 1.89627427e-01 0.00000000e+00
9.10451073e+02 2.98600464e-01 1.85720758e-01 0.00000000e+00
9.21001178e+02 2.92247863e-01 1.81882155e-01 0.00000000e+00
9.31673536e+02 2.86026771e-01 1.78110838e-01 0.00000000e+00
9.42469563e+02 2.79934870e-01 1.74406720e-01 0.00000000e+00
9.53390692e+02 2.73969822e-01 1.70770553e-01 0.00000000e+00
9.64438373e+02 2.68129264e-01 1.67203515e-01 0.00000000e+00
9.75614072e+02 2.62410780e-01 1.63707163e-01 0.00000000e+00
9.86919272e+02 2.56811894e-01 1.60283256e-01 0.00000000e+00
9.98355474e+02 2.51330082e-01 1.56932742e-01 0.00000000e+00
1.00992420e+03 2.45962815e-01 1.53655052e-01 0.00000000e+00
1.02162698e+03 2.40707602e-01 1.50448417e-01 0.00000000e+00
1.03346536e+03 2.35562026e-01 1.47310369e-01 0.00000000e+00
1.04544093e+03 2.30523768e-01 1.44238294e-01 0.00000000e+00
1.05755527e+03 2.25590583e-01 1.41230038e-01 0.00000000e+00
1.06980999e+03 2.20760289e-01 1.38284526e-01 0.00000000e+00
1.08220671e+03 2.16030721e-01 1.35401546e-01 0.00000000e+00
1.09474708e+03 2.11399721e-01 1.32580820e-01 0.00000000e+00
1.10743277e+03 2.06865152e-01 1.29821495e-01 0.00000000e+00
1.12026545e+03 2.02424912e-01 1.27122146e-01 0.00000000e+00
1.13324684e+03 1.98076972e-01 1.24480143e-01 0.00000000e+00
1.14637866e+03 1.93819415e-01 1.21891359e-01 0.00000000e+00
1.15966264e+03 1.89650479e-01 1.19351547e-01 0.00000000e+00
1.17310055e+03 1.85568519e-01 1.16858541e-01 0.00000000e+00
1.18669418e+03 1.81571921e-01 1.14412007e-01 0.00000000e+00
1.20044533e+03 1.77659079e-01 1.12012146e-01 0.00000000e+00
1.21435583e+03 1.73828370e-01 1.09659609e-01 0.00000000e+00
1.22842751e+03 1.70078145e-01 1.07354974e-01 0.00000000e+00
1.24266226e+03 1.66406759e-01 1.05097345e-01 0.00000000e+00
1.25706196e+03 1.62812628e-01 1.02884074e-01 0.00000000e+00
1.27162851e+03 1.59294275e-01 1.00712228e-01 0.00000000e+00
1.28636386e+03 1.55850299e-01 9.85800279e-02 0.00000000e+00
1.30126996e+03 1.52479333e-01 9.64878151e-02 0.00000000e+00
1.31634879e+03 1.49179967e-01 9.44373541e-02 0.00000000e+00
1.33160235e+03 1.45950729e-01 9.24298715e-02 0.00000000e+00
1.34703266e+03 1.42790142e-01 9.04647154e-02 0.00000000e+00
1.36264178e+03 1.39696772e-01 8.85399861e-02 0.00000000e+00
1.37843177e+03 1.36669317e-01 8.66532322e-02 0.00000000e+00
1.39440474e+03 1.33706346e-01 8.48025575e-02 0.00000000e+00
1.41056279e+03 1.30806771e-01 8.29879523e-02 0.00000000e+00
1.42690808e+03 1.27969266e-01 8.12114317e-02 0.00000000e+00
1.44344278e+03 1.25192473e-01 7.94749361e-02 0.00000000e+00
1.46016907e+03 1.22475006e-01 7.77785077e-02 0.00000000e+00
1.47708919e+03 1.19815510e-01 7.61199947e-02 0.00000000e+00
1.49420537e+03 1.17212729e-01 7.44961443e-02 0.00000000e+00
1.51151989e+03 1.14665517e-01 7.29044606e-02 0.00000000e+00
1.52903505e+03 1.12172771e-01 7.13444744e-02 0.00000000e+00
1.54675317e+03 1.09733377e-01 6.98177145e-02 0.00000000e+00
1.56467660e+03 1.07346154e-01 6.83257404e-02 0.00000000e+00
1.58280773e+03 1.05009903e-01 6.68679636e-02 0.00000000e+00
1.60114896e+03 1.02723486e-01 6.54416286e-02 0.00000000e+00
1.61970272e+03 1.00485862e-01 6.40443413e-02 0.00000000e+00
1.63847147e+03 9.82960351e-02 6.26760709e-02 0.00000000e+00
1.65745772e+03 9.61529755e-02 6.13385478e-02 0.00000000e+00
1.67666397e+03 9.40555972e-02 6.00327610e-02 0.00000000e+00
1.69609279e+03 9.20028317e-02 5.87562481e-02 0.00000000e+00
1.71574673e+03 8.99937615e-02 5.75034370e-02 0.00000000e+00
1.73562843e+03 8.80276557e-02 5.62696877e-02 0.00000000e+00
1.75574051e+03 8.61038805e-02 5.50541769e-02 0.00000000e+00
1.77608564e+03 8.42217817e-02 5.38584609e-02 0.00000000e+00
1.79666653e+03 8.23806487e-02 5.26837362e-02 0.00000000e+00
1.81748590e+03 8.05797604e-02 5.15296548e-02 0.00000000e+00
1.83854653e+03 7.88184093e-02 5.03961980e-02 0.00000000e+00
1.85985120e+03 7.70958362e-02 4.92866686e-02 0.00000000e+00
1.88140274e+03 7.54111127e-02 4.82071075e-02 0.00000000e+00
1.90320402e+03 7.37631162e-02 4.71618730e-02 0.00000000e+00
1.92525793e+03 7.21506536e-02 4.61505007e-02 0.00000000e+00
1.94756739e+03 7.05726182e-02 4.51690392e-02 0.00000000e+00
1.97013537e+03 6.90280476e-02 4.42136087e-02 0.00000000e+00
1.99296487e+03 6.75160869e-02 4.32817387e-02 0.00000000e+00
2.01605890e+03 6.60359774e-02 4.23696403e-02 0.00000000e+00
2.03942055e+03 6.45871500e-02 4.14703365e-02 0.00000000e+00
2.06305290e+03 6.31692881e-02 4.05768818e-02 0.00000000e+00
2.08695910e+03 6.17822453e-02 3.96876707e-02 0.00000000e+00
2.11114232e+03 6.04257969e-02 3.88075876e-02 0.00000000e+00
2.13560577e+03 5.90995171e-02 3.79428536e-02 0.00000000e+00
2.16035270e+03 5.78028124e-02 3.70965209e-02 0.00000000e+00
2.18538639e+03 5.65350102e-02 3.62711390e-02 0.00000000e+00
2.21071017e+03 5.52952978e-02 3.54722126e-02 0.00000000e+00
2.23632739e+03 5.40826703e-02 3.47038182e-02 0.00000000e+00
2.26224145e+03 5.28961234e-02 3.39623289e-02 0.00000000e+00
2.28845581e+03 5.17348563e-02 3.32395971e-02 0.00000000e+00
2.31497393e+03 5.05983171e-02 3.25312450e-02 0.00000000e+00
2.34179934e+03 4.94860222e-02 3.18365781e-02 0.00000000e+00
2.36893559e+03 4.83975405e-02 3.11525567e-02 0.00000000e+00
2.39638629e+03 4.73325829e-02 3.04749884e-02 0.00000000e+00
2.42415508e+03 4.62909274e-02 2.98049522e-02 0.00000000e+00
2.45224566e+03 4.52722268e-02 2.91475208e-02 0.00000000e+00
2.48066174e+03 4.42759979e-02 2.85045487e-02 0.00000000e+00
2.50940710e+03 4.33017642e-02 2.78746874e-02 0.00000000e+00
2.53848555e+03 4.23490614e-02 2.72592752e-02 0.00000000e+00
2.56790096e+03 4.14173304e-02 2.66615395e-02 0.00000000e+00
2.59765723e+03 4.05059611e-02 2.60805016e-02 0.00000000e+00
2.62775831e+03 3.96144422e-02 2.55125547e-02 0.00000000e+00
2.65820819e+03 3.87423313e-02 2.49578901e-02 0.00000000e+00
2.68901092e+03 3.78891356e-02 2.44180465e-02 0.00000000e+00
2.72017059e+03 3.70543817e-02 2.38899666e-02 0.00000000e+00
2.75169132e+03 3.62377340e-02 2.33702265e-02 0.00000000e+00
2.78357731e+03 3.54388908e-02 2.28601976e-02 0.00000000e+00
2.81583279e+03 3.46574918e-02 2.23605996e-02 0.00000000e+00
2.84846204e+03 3.38932141e-02 2.18693618e-02 0.00000000e+00
2.88146939e+03 3.31457572e-02 2.13877286e-02 0.00000000e+00
2.91485922e+03 3.24147426e-02 2.09181104e-02 0.00000000e+00
2.94863596e+03 3.16997816e-02 2.04582292e-02 0.00000000e+00
2.98280410e+03 3.10005851e-02 2.00059581e-02 0.00000000e+00
3.01736818e+03 3.03168679e-02 1.95629747e-02 0.00000000e+00
3.05233277e+03 2.96482790e-02 1.91308055e-02 0.00000000e+00
3.08770253e+03 2.89944205e-02 1.87114020e-02 0.00000000e+00
3.12348215e+03 2.83547875e-02 1.83074881e-02 0.00000000e+00
3.15967637e+03 2.77288750e-02 1.79168486e-02 0.00000000e+00
3.19629000e+03 2.71163231e-02 1.75334964e-02 0.00000000e+00
3.23332790e+03 2.65169653e-02 1.71527596e-02 0.00000000e+00
3.27079499e+03 2.59301360e-02 1.67706394e-02 0.00000000e+00
3.30869624e+03 2.53578359e-02 1.63877318e-02 0.00000000e+00
3.34703668e+03 2.47980161e-02 1.60129577e-02 0.00000000e+00
3.38582140e+03 2.42508008e-02 1.56552369e-02 0.00000000e+00
3.42505555e+03 2.37157502e-02 1.53174452e-02 0.00000000e+00
3.46474434e+03 2.31919989e-02 1.49960363e-02 0.00000000e+00
3.50489303e+03 2.26792160e-02 1.46808674e-02 0.00000000e+00
3.54550696e+03 2.21773583e-02 1.43630621e-02 0.00000000e+00
3.58659151e+03 2.16865549e-02 1.40416897e-02 0.00000000e+00
3.62815214e+03 2.12068631e-02 1.37212018e-02 0.00000000e+00
3.67019436e+03 2.07381297e-02 1.34089643e-02 0.00000000e+00
3.71272376e+03 2.02799581e-02 1.31105636e-02 0.00000000e+00
3.75574598e+03 1.98318596e-02 1.28257358e-02 0.00000000e+00
3.79926674e+03 1.93934247e-02 1.25506797e-02 0.00000000e+00
3.84329180e+03 1.89643984e-02 1.22806813e-02 0.00000000e+00
3.88782702e+03 1.85446620e-02 1.20130503e-02 0.00000000e+00
3.93287830e+03 1.81341370e-02 1.17477245e-02 0.00000000e+00
3.97845162e+03 1.77327361e-02 1.14855821e-02 0.00000000e+00
4.02455304e+03 1.73403139e-02 1.12284961e-02 0.00000000e+00
4.07118867e+03 1.69566625e-02 1.09784232e-02 0.00000000e+00
4.11836471e+03 1.65815122e-02 1.07367005e-02 0.00000000e+00
4.16608741e+03 1.62145812e-02 1.05024649e-02 0.00000000e+00
4.21436311e+03 1.58556576e-02 1.02730019e-02 0.00000000e+00
4.26319821e+03 1.55045988e-02 1.00475151e-02 0.00000000e+00
4.31259921e+03 1.51612463e-02 9.82735264e-03 0.00000000e+00
4.36257266e+03 1.48254029e-02 9.61282173e-03 0.00000000e+00
4.41312519e+03 1.44969162e-02 9.40102889e-03 0.00000000e+00
4.46426351e+03 1.41757489e-02 9.18919033e-03 0.00000000e+00
4.51599441e+03 1.38618795e-02 8.97973191e-03 0.00000000e+00
4.56832475e+03 1.35551073e-02 8.77979828e-03 0.00000000e+00
4.62126149e+03 1.32550140e-02 8.59318258e-03 0.00000000e+00
4.67481165e+03 1.29612185e-02 8.41367414e-03 0.00000000e+00
4.72898233e+03 1.26736701e-02 8.23022320e-03 0.00000000e+00
4.78378073e+03 1.23925982e-02 8.03967798e-03 0.00000000e+00
4.83921413e+03 1.21181077e-02 7.85178995e-03 0.00000000e+00
4.89528987e+03 1.18498912e-02 7.67787601e-03 0.00000000e+00
4.95201541e+03 1.15874377e-02 7.51708566e-03 0.00000000e+00
5.00939827e+03 1.13304703e-02 7.35867967e-03 0.00000000e+00
5.06744607e+03 1.10790532e-02 7.19571360e-03 0.00000000e+00
5.12616651e+03 1.08333206e-02 7.03090021e-03 0.00000000e+00
5.18556740e+03 1.05932212e-02 6.87083800e-03 0.00000000e+00
5.24565660e+03 1.03585153e-02 6.71903837e-03 0.00000000e+00
5.30644211e+03 1.01289282e-02 6.57419362e-03 0.00000000e+00
5.36793199e+03 9.90428217e-03 6.43252353e-03 0.00000000e+00
5.43013440e+03 9.68452695e-03 6.29092733e-03 0.00000000e+00
5.49305760e+03 9.46966760e-03 6.14965209e-03 0.00000000e+00
5.55670994e+03 9.25961750e-03 6.01185141e-03 0.00000000e+00
5.62109986e+03 9.05429406e-03 5.87865316e-03 0.00000000e+00
5.68623593e+03 8.85349855e-03 5.74829593e-03 0.00000000e+00
5.75212677e+03 8.65715072e-03 5.62182835e-03 0.00000000e+00
5.81878114e+03 8.46506949e-03 5.50131348e-03 0.00000000e+00
5.88620789e+03 8.27710970e-03 5.38186575e-03 0.00000000e+00
5.95441597e+03 8.09336023e-03 5.25780936e-03 0.00000000e+00
6.02341443e+03 7.91389896e-03 5.13570612e-03 0.00000000e+00
6.09321242e+03 7.73846174e-03 5.02572527e-03 0.00000000e+00
6.16381922e+03 7.56666948e-03 4.92252283e-03 0.00000000e+00
6.23524420e+03 7.39852977e-03 4.81302849e-03 0.00000000e+00
6.30749683e+03 7.23428509e-03 4.69904858e-03 0.00000000e+00
6.38058671e+03 7.07387369e-03 4.59295037e-03 0.00000000e+00
6.45452354e+03 6.91694519e-03 4.49657501e-03 0.00000000e+00
6.52931713e+03 6.76331092e-03 4.40088508e-03 0.00000000e+00
6.60497741e+03 6.61305457e-03 4.30135698e-03 0.00000000e+00
6.68151443e+03 6.46624805e-03 4.20252724e-03 0.00000000e+00
6.75893834e+03 6.32276593e-03 4.10950275e-03 0.00000000e+00
6.83725943e+03 6.18241123e-03 4.02100842e-03 0.00000000e+00
6.91648808e+03 6.04511690e-03 3.93325174e-03 0.00000000e+00
6.99663481e+03 5.91081424e-03 3.84610070e-03 0.00000000e+00
7.07771027e+03 5.77952610e-03 3.75990996e-03 0.00000000e+00
7.15972521e+03 5.65120801e-03 3.67471600e-03 0.00000000e+00
7.24269053e+03 5.52576270e-03 3.59456648e-03 0.00000000e+00
7.32661722e+03 5.40299200e-03 3.51902803e-03 0.00000000e+00
7.41151644e+03 5.28287755e-03 3.43990464e-03 0.00000000e+00
7.49739946e+03 5.16555725e-03 3.35917186e-03 0.00000000e+00
7.58427767e+03 5.05089950e-03 3.28681825e-03 0.00000000e+00
7.67216260e+03 4.93863873e-03 3.21857101e-03 0.00000000e+00
7.76106592e+03 4.82881865e-03 3.14522129e-03 0.00000000e+00
7.85099944e+03 4.72156321e-03 3.07200416e-03 0.00000000e+00
7.94197509e+03 4.61672063e-03 3.00578584e-03 0.00000000e+00
8.03400494e+03 4.51410459e-03 2.94189029e-03 0.00000000e+00
8.12710121e+03 4.41373557e-03 2.87563707e-03 0.00000000e+00
8.22127626e+03 4.31566072e-03 2.81022376e-03 0.00000000e+00
8.31654260e+03 4.21978244e-03 2.74846666e-03 0.00000000e+00
8.41291285e+03 4.12599127e-03 2.68908735e-03 0.00000000e+00
8.51039983e+03 4.03424405e-03 2.62979372e-03 0.00000000e+00
8.60901646e+03 3.94456363e-03 2.56971915e-03 0.00000000e+00
8.70877584e+03 3.85691893e-03 2.51280132e-03 0.00000000e+00
8.80969121e+03 3.77116317e-03 2.45959140e-03 0.00000000e+00
8.91177597e+03 3.68727490e-03 2.40405644e-03 0.00000000e+00
9.01504366e+03 3.60532347e-03 2.34883574e-03 0.00000000e+00
9.11950799e+03 3.52518670e-03 2.29891770e-03 0.00000000e+00
9.22518283e+03 3.44675751e-03 2.24882634e-03 0.00000000e+00
9.33208221e+03 3.37010343e-03 2.19692819e-03 0.00000000e+00
9.44022032e+03 3.29519265e-03 2.14854155e-03 0.00000000e+00
9.54961150e+03 3.22190060e-03 2.10246894e-03 0.00000000e+00
9.66027029e+03 3.15021953e-03 2.05525509e-03 0.00000000e+00
9.77221137e+03 3.08016516e-03 2.00891878e-03 0.00000000e+00
9.88544959e+03 3.01166319e-03 1.96543032e-03 0.00000000e+00
1.00000000e+04 2.94464728e-03 1.92239990e-03 0.00000000e+00
