480 2.83614114e+00 1.47396200e+00
1.00000000e+00 2.50000000e+02 3.63116527e+01
1.00000000e+00 3.59486024e+01 1.67158540e-01 4.86385698e+00 -1.59659310e+00 8.80521259e-01 7.17831154e-01 1.32232155e+00 5.32208306e-01 2.15349346e+00
1.01159375e+00 3.59427786e+01 1.69669457e-01 4.81829291e+00 -1.58694361e+00 8.76113124e-01 7.19966011e-01 1.29786824e+00 5.29046623e-01 2.13514371e+00
1.02332192e+00 3.59368674e+01 1.72214559e-01 4.77302474e+00 -1.57764369e+00 8.71700600e-01 7.22091169e-01 1.27451526e+00 5.25893757e-01 2.11690327e+00
1.03518606e+00 3.59308675e+01 1.74794245e-01 4.72807270e+00 -1.56840992e+00 8.67155395e-01 7.24206368e-01 1.25153773e+00 5.22749953e-01 2.09877161e+00
1.04718775e+00 3.59247777e+01 1.77408915e-01 4.68338378e+00 -1.55882893e+00 8.62835622e-01 7.26311432e-01 1.22928833e+00 5.19615831e-01 2.08074847e+00
1.05932858e+00 3.59185969e+01 1.80058967e-01 4.63903141e+00 -1.54944319e+00 8.58472627e-01 7.28406241e-01 1.20717058e+00 5.16490325e-01 2.06283373e+00
1.07161017e+00 3.59123240e+01 1.82744804e-01 4.59495878e+00 -1.54028365e+00 8.54010683e-01 7.30490497e-01 1.18560143e+00 5.13374079e-01 2.04502677e+00
1.08403415e+00 3.59059576e+01 1.85466832e-01 4.55118287e+00 -1.53070422e+00 8.49681204e-01 7.32564034e-01 1.16410501e+00 5.10266950e-01 2.02732737e+00
1.09660217e+00 3.58994963e+01 1.88225463e-01 4.50769962e+00 -1.52152445e+00 8.45336014e-01 7.34626731e-01 1.14306024e+00 5.07169243e-01 2.00973539e+00
1.10931591e+00 3.58929390e+01 1.91021099e-01 4.46450911e+00 -1.51205693e+00 8.40874122e-01 7.36678311e-01 1.12177765e+00 5.04081016e-01 1.99225029e+00
1.12217704e+00 3.58862844e+01 1.93854164e-01 4.42161036e+00 -1.50289059e+00 8.36583683e-01 7.38718946e-01 1.10188179e+00 5.01002157e-01 1.97487274e+00
1.13518728e+00 3.58795311e+01 1.96725077e-01 4.37900297e+00 -1.49367429e+00 8.32279951e-01 7.40747781e-01 1.08194758e+00 4.97932452e-01 1.95760064e+00
1.14834836e+00 3.58726779e+01 1.99634234e-01 4.33668564e+00 -1.48466022e+00 8.27916432e-01 7.42764531e-01 1.06211509e+00 4.94872031e-01 1.94043347e+00
1.16166202e+00 3.58657235e+01 2.02582110e-01 4.29465748e+00 -1.47559046e+00 8.23657295e-01 7.44769806e-01 1.04235865e+00 4.91820887e-01 1.92337304e+00
1.17513004e+00 3.58586665e+01 2.05569088e-01 4.25291645e+00 -1.46638268e+00 8.19418171e-01 7.46762794e-01 1.02369980e+00 4.88779009e-01 1.90641742e+00
1.18875421e+00 3.58515055e+01 2.08595610e-01 4.21146532e+00 -1.45697314e+00 8.15283358e-01 7.48743917e-01 1.00510709e+00 4.85746112e-01 1.88956787e+00
1.20253633e+00 3.58442390e+01 2.11662109e-01 4.17030034e+00 -1.44826698e+00 8.10710830e-01 7.50712752e-01 9.86585020e-01 4.82722568e-01 1.87282347e+00
1.21647823e+00 3.58368658e+01 2.14769019e-01 4.12941816e+00 -1.43903435e+00 8.06359012e-01 7.52668143e-01 9.68171572e-01 4.79708299e-01 1.85618153e+00
1.23058178e+00 3.58293846e+01 2.17916779e-01 4.08882441e+00 -1.43001854e+00 8.02232203e-01 7.54611053e-01 9.50691492e-01 4.76703434e-01 1.83964463e+00
1.24484884e+00 3.58217938e+01 2.21105831e-01 4.04851155e+00 -1.42127561e+00 7.97958612e-01 7.56541306e-01 9.33356899e-01 4.73707959e-01 1.82321246e+00
1.25928131e+00 3.58140920e+01 2.24336617e-01 4.00847341e+00 -1.41207258e+00 7.93691013e-01 7.58457249e-01 9.15961896e-01 4.70722007e-01 1.80688122e+00
1.27388110e+00 3.58062777e+01 2.27609585e-01 3.96872222e+00 -1.40315835e+00 7.89416183e-01 7.60360336e-01 8.99148057e-01 4.67745458e-01 1.79065457e+00
1.28865016e+00 3.57983494e+01 2.30925182e-01 3.92926954e+00 -1.39445747e+00 7.85198966e-01 7.62250412e-01 8.82378308e-01 4.64778474e-01 1.77453223e+00
1.30359045e+00 3.57903058e+01 2.34283860e-01 3.89006801e+00 -1.38551884e+00 7.81098080e-01 7.64125547e-01 8.66097142e-01 4.61820965e-01 1.75850985e+00
1.31870395e+00 3.57821453e+01 2.37686077e-01 3.85114553e+00 -1.37665703e+00 7.76795973e-01 7.65986764e-01 8.50242017e-01 4.58872911e-01 1.74258998e+00
1.33399268e+00 3.57738664e+01 2.41132288e-01 3.81251650e+00 -1.36766831e+00 7.72601354e-01 7.67834200e-01 8.34552083e-01 4.55934513e-01 1.72677305e+00
1.34945865e+00 3.57654676e+01 2.44622950e-01 3.77415443e+00 -1.35898029e+00 7.68382846e-01 7.69666613e-01 8.19282987e-01 4.53005742e-01 1.71105638e+00
1.36510394e+00 3.57569472e+01 2.48158527e-01 3.73608856e+00 -1.35005115e+00 7.64250848e-01 7.71484563e-01 8.03976396e-01 4.50086718e-01 1.69544136e+00
1.38093062e+00 3.57483037e+01 2.51739488e-01 3.69825190e+00 -1.34167673e+00 7.60088089e-01 7.73288338e-01 7.88876549e-01 4.47177460e-01 1.67992873e+00
1.39694078e+00 3.57395358e+01 2.55366293e-01 3.66070965e+00 -1.33294446e+00 7.55911316e-01 7.75076279e-01 7.74224112e-01 4.44277733e-01 1.66451497e+00
1.41313657e+00 3.57306416e+01 2.59039416e-01 3.62343930e+00 -1.32429743e+00 7.51728403e-01 7.76848175e-01 7.59794529e-01 4.41387526e-01 1.64919979e+00
1.42952012e+00 3.57216195e+01 2.62759320e-01 3.58643541e+00 -1.31552961e+00 7.47587541e-01 7.78605248e-01 7.45618727e-01 4.38506805e-01 1.63398592e+00
1.44609362e+00 3.57124679e+01 2.66526502e-01 3.54971057e+00 -1.30683601e+00 7.43459138e-01 7.80347332e-01 7.31773009e-01 4.35635644e-01 1.61887306e+00
1.46285927e+00 3.57031853e+01 2.70341418e-01 3.51324298e+00 -1.29822175e+00 7.39347196e-01 7.82071981e-01 7.18171764e-01 4.32773948e-01 1.60385623e+00
1.47981929e+00 3.56937699e+01 2.74204551e-01 3.47705743e+00 -1.28978194e+00 7.35205094e-01 7.83781224e-01 7.04516120e-01 4.29922020e-01 1.58893973e+00
1.49697595e+00 3.56842201e+01 2.78116385e-01 3.44112914e+00 -1.28118677e+00 7.31344148e-01 7.85474108e-01 6.91605528e-01 4.27079642e-01 1.57412170e+00
1.51433152e+00 3.56745342e+01 2.82077402e-01 3.40547287e+00 -1.27277218e+00 7.27155074e-01 7.87150422e-01 6.78533444e-01 4.24246836e-01 1.55940178e+00
1.53188830e+00 3.56647104e+01 2.86088088e-01 3.37007247e+00 -1.26429289e+00 7.22991898e-01 7.88809972e-01 6.65851194e-01 4.21423673e-01 1.54477968e+00
1.54964863e+00 3.56547470e+01 2.90148931e-01 3.33493730e+00 -1.25581846e+00 7.18970615e-01 7.90453080e-01 6.53007331e-01 4.18610080e-01 1.53025608e+00
1.56761487e+00 3.56446424e+01 2.94260419e-01 3.30006400e+00 -1.24743509e+00 7.14884427e-01 7.92077910e-01 6.40727863e-01 4.15806335e-01 1.51582750e+00
1.58578941e+00 3.56343948e+01 2.98423046e-01 3.26545694e+00 -1.23912549e+00 7.10869366e-01 7.93685886e-01 6.28624683e-01 4.13012117e-01 1.50149676e+00
1.60417465e+00 3.56240022e+01 3.02637303e-01 3.23110668e+00 -1.23062244e+00 7.06808216e-01 7.95276239e-01 6.16985081e-01 4.10227868e-01 1.48726244e+00
1.62277305e+00 3.56134630e+01 3.06903689e-01 3.19701609e+00 -1.22230603e+00 7.02756372e-01 7.96848818e-01 6.05318643e-01 4.07453256e-01 1.47312432e+00
1.64158708e+00 3.56027754e+01 3.11222695e-01 3.16318675e+00 -1.21409812e+00 6.98795878e-01 7.98403963e-01 5.93769902e-01 4.04688319e-01 1.45908305e+00
1.66061923e+00 3.55919375e+01 3.15594828e-01 3.12960937e+00 -1.20584810e+00 6.94808654e-01 7.99940245e-01 5.82416592e-01 4.01933014e-01 1.44513606e+00
1.67987204e+00 3.55809476e+01 3.20020582e-01 3.09622314e+00 -1.19773076e+00 6.90746900e-01 8.01458181e-01 5.71288632e-01 3.99187654e-01 1.43128434e+00
1.69934806e+00 3.55698035e+01 3.24500463e-01 3.06322644e+00 -1.18927264e+00 6.86753407e-01 8.02957424e-01 5.60602983e-01 3.96452190e-01 1.41752731e+00
1.71904987e+00 3.55585036e+01 3.29034968e-01 3.03041393e+00 -1.18160490e+00 6.82791036e-01 8.04437765e-01 5.49686978e-01 3.93726464e-01 1.40386462e+00
1.73898011e+00 3.55470461e+01 3.33624610e-01 2.99785707e+00 -1.17302768e+00 6.78902740e-01 8.05899114e-01 5.39198478e-01 3.91010619e-01 1.39029614e+00
1.75914141e+00 3.55354288e+01 3.38269891e-01 2.96554933e+00 -1.16492133e+00 6.74935129e-01 8.07341140e-01 5.29110023e-01 3.88304648e-01 1.37682133e+00
1.77953646e+00 3.55236499e+01 3.42971319e-01 2.93349399e+00 -1.15678946e+00 6.71025800e-01 8.08763665e-01 5.18816178e-01 3.85608499e-01 1.36343989e+00
1.80016796e+00 3.55117074e+01 3.47729403e-01 2.90168944e+00 -1.14865620e+00 6.67048410e-01 8.10166599e-01 5.08947093e-01 3.82929106e-01 1.35015168e+00
1.82103866e+00 3.54995994e+01 3.52544651e-01 2.87013244e+00 -1.14073522e+00 6.63064728e-01 8.11548846e-01 4.99082904e-01 3.80252213e-01 1.33695489e+00
1.84215133e+00 3.54873239e+01 3.57417578e-01 2.83882335e+00 -1.13273136e+00 6.59311442e-01 8.12912399e-01 4.89558205e-01 3.77585185e-01 1.32385280e+00
1.86350877e+00 3.54748790e+01 3.62348696e-01 2.80775799e+00 -1.12476539e+00 6.55433045e-01 8.14255069e-01 4.80009471e-01 3.74921057e-01 1.31084181e+00
1.88511383e+00 3.54622624e+01 3.67338515e-01 2.77694388e+00 -1.11686828e+00 6.51542155e-01 8.15576365e-01 4.70888758e-01 3.72274123e-01 1.29792114e+00
1.90696937e+00 3.54494722e+01 3.72387551e-01 2.74637081e+00 -1.10891031e+00 6.47722560e-01 8.16878475e-01 4.61735227e-01 3.69637103e-01 1.28509428e+00
1.92907830e+00 3.54365065e+01 3.77496315e-01 2.71604147e+00 -1.10101655e+00 6.43722744e-01 8.18158946e-01 4.52860875e-01 3.67009934e-01 1.27235729e+00
1.95144355e+00 3.54233631e+01 3.82665328e-01 2.68596797e+00 -1.09314256e+00 6.39885537e-01 8.19417438e-01 4.44032041e-01 3.64392641e-01 1.25970967e+00
1.97406810e+00 3.54100398e+01 3.87895098e-01 2.65610691e+00 -1.08529528e+00 6.36108537e-01 8.20656111e-01 4.35530630e-01 3.61785231e-01 1.24715471e+00
1.99695495e+00 3.53965345e+01 3.93186146e-01 2.62650290e+00 -1.07750328e+00 6.32253950e-01 8.21872698e-01 4.27001653e-01 3.59187736e-01 1.23468889e+00
2.02010715e+00 3.53828454e+01 3.98538988e-01 2.59713635e+00 -1.06968504e+00 6.28438383e-01 8.23067364e-01 4.18760862e-01 3.56600237e-01 1.22231244e+00
2.04352777e+00 3.53689700e+01 4.03954140e-01 2.56800689e+00 -1.06211009e+00 6.24534712e-01 8.24240218e-01 4.10432209e-01 3.54022757e-01 1.21002547e+00
2.06721992e+00 3.53549062e+01 4.09432116e-01 2.53911613e+00 -1.05434928e+00 6.20788027e-01 8.25390840e-01 4.02430112e-01 3.51455151e-01 1.19782733e+00
2.09118675e+00 3.53406519e+01 4.14973436e-01 2.51046093e+00 -1.04676900e+00 6.17069358e-01 8.26518329e-01 3.94691710e-01 3.48897368e-01 1.18571667e+00
2.11543145e+00 3.53262049e+01 4.20578615e-01 2.48204066e+00 -1.03923298e+00 6.13297693e-01 8.27624144e-01 3.86984267e-01 3.46349586e-01 1.17369553e+00
2.13995724e+00 3.53115630e+01 4.26248172e-01 2.45385315e+00 -1.03143637e+00 6.09590771e-01 8.28707139e-01 3.79268314e-01 3.43812161e-01 1.16176219e+00
2.16476737e+00 3.52967239e+01 4.31982620e-01 2.42589674e+00 -1.02386726e+00 6.05732234e-01 8.29768094e-01 3.71908089e-01 3.41285269e-01 1.14991769e+00
2.18986514e+00 3.52816853e+01 4.37782479e-01 2.39817005e+00 -1.01632248e+00 6.02035637e-01 8.30805043e-01 3.64519308e-01 3.38768608e-01 1.13815919e+00
2.21525389e+00 3.52664450e+01 4.43648251e-01 2.37067546e+00 -1.00874196e+00 5.98362868e-01 8.31817745e-01 3.57370324e-01 3.36261768e-01 1.12648633e+00
2.24093700e+00 3.52510008e+01 4.49580466e-01 2.34338947e+00 -1.00132298e+00 5.94586221e-01 8.32808697e-01 3.50275051e-01 3.33764590e-01 1.11490243e+00
2.26691786e+00 3.52353502e+01 4.55579621e-01 2.31637687e+00 -9.93975420e-01 5.90760227e-01 8.33775020e-01 3.43415764e-01 3.31277624e-01 1.10340348e+00
2.29319994e+00 3.52194910e+01 4.61646237e-01 2.28956816e+00 -9.86446712e-01 5.87248631e-01 8.34716479e-01 3.36561935e-01 3.28800781e-01 1.09198914e+00
2.31978673e+00 3.52034209e+01 4.67780841e-01 2.26298592e+00 -9.78474440e-01 5.84042977e-01 8.35634758e-01 3.29989337e-01 3.26333924e-01 1.08066153e+00
2.34668176e+00 3.51871375e+01 4.73983907e-01 2.23662578e+00 -9.71582698e-01 5.79864721e-01 8.36529650e-01 3.23356245e-01 3.23876926e-01 1.06942023e+00
2.37388860e+00 3.51706383e+01 4.80255976e-01 2.21049705e+00 -9.64355556e-01 5.76195848e-01 8.37399123e-01 3.17023719e-01 3.21429804e-01 1.05826253e+00
2.40141088e+00 3.51539210e+01 4.86597537e-01 2.18459053e+00 -9.56924271e-01 5.72541367e-01 8.38243933e-01 3.10653222e-01 3.18992660e-01 1.04718931e+00
2.42925224e+00 3.51369832e+01 4.93009104e-01 2.15890296e+00 -9.49736954e-01 5.68922209e-01 8.39063831e-01 3.04508293e-01 3.16565606e-01 1.03620013e+00
2.45741638e+00 3.51198225e+01 4.99491179e-01 2.13343739e+00 -9.42561782e-01 5.65774666e-01 8.39858852e-01 2.98410706e-01 3.14148848e-01 1.02529493e+00
2.48590705e+00 3.51024364e+01 5.06044265e-01 2.10818352e+00 -9.35147158e-01 5.61666765e-01 8.40628477e-01 2.92465892e-01 3.11742481e-01 1.01447294e+00
2.51472804e+00 3.50848225e+01 5.12668862e-01 2.08316175e+00 -9.28013545e-01 5.58064106e-01 8.41372507e-01 2.86580303e-01 3.09346393e-01 1.00373380e+00
2.54388317e+00 3.50669782e+01 5.19365466e-01 2.05834928e+00 -9.20832614e-01 5.54497087e-01 8.42091228e-01 2.80862128e-01 3.06960432e-01 9.93077713e-01
2.57337632e+00 3.50489011e+01 5.26134576e-01 2.03375641e+00 -9.13862685e-01 5.50834735e-01 8.42783956e-01 2.75129547e-01 3.04584724e-01 9.82503744e-01
2.60321140e+00 3.50305886e+01 5.32976684e-01 2.00937590e+00 -9.06719042e-01 5.47362070e-01 8.43450724e-01 2.69621367e-01 3.02219304e-01 9.72011789e-01
2.63339239e+00 3.50120384e+01 5.39892277e-01 1.98521126e+00 -8.99526876e-01 5.43761318e-01 8.44091312e-01 2.64176535e-01 2.99863997e-01 9.61601449e-01
2.66392328e+00 3.49932476e+01 5.46881846e-01 1.96125466e+00 -8.92558211e-01 5.40218018e-01 8.44705377e-01 2.58846920e-01 2.97518806e-01 9.51272189e-01
2.69480814e+00 3.49742138e+01 5.53945870e-01 1.93751987e+00 -8.85570895e-01 5.36689534e-01 8.45293261e-01 2.53586043e-01 2.95183903e-01 9.41024238e-01
2.72605108e+00 3.49549345e+01 5.61084828e-01 1.91399135e+00 -8.78570642e-01 5.33182367e-01 8.45854269e-01 2.48426026e-01 2.92859299e-01 9.30856662e-01
2.75765624e+00 3.49354070e+01 5.68299205e-01 1.89067721e+00 -8.71665842e-01 5.29672760e-01 8.46388209e-01 2.43428430e-01 2.90544912e-01 9.20769092e-01
2.78962781e+00 3.49156287e+01 5.75589473e-01 1.86756192e+00 -8.64706242e-01 5.26183453e-01 8.46895495e-01 2.38442264e-01 2.88240755e-01 9.10761812e-01
2.82197006e+00 3.48955970e+01 5.82956101e-01 1.84466006e+00 -8.57766056e-01 5.22658840e-01 8.47375307e-01 2.33573917e-01 2.85946780e-01 9.00833766e-01
2.85468728e+00 3.48753092e+01 5.90399555e-01 1.82196522e+00 -8.50950644e-01 5.19211963e-01 8.47827764e-01 2.28882817e-01 2.83662783e-01 8.90984910e-01
2.88778382e+00 3.48547627e+01 5.97920321e-01 1.79947762e+00 -8.44187570e-01 5.15760873e-01 8.48252721e-01 2.24169484e-01 2.81388614e-01 8.81214913e-01
2.92126406e+00 3.48339548e+01 6.05518791e-01 1.77719533e+00 -8.37469812e-01 5.12285551e-01 8.48649899e-01 2.19612828e-01 2.79124698e-01 8.71523301e-01
2.95513247e+00 3.48128827e+01 6.13195483e-01 1.75511502e+00 -8.30629827e-01 5.08848836e-01 8.49019252e-01 2.15042759e-01 2.76871110e-01 8.61909841e-01
2.98939354e+00 3.47915438e+01 6.20950830e-01 1.73323718e+00 -8.23911370e-01 5.05439647e-01 8.49360575e-01 2.10622320e-01 2.74627750e-01 8.52374133e-01
3.02405182e+00 3.47699354e+01 6.28785272e-01 1.71156203e+00 -8.17218209e-01 5.02006790e-01 8.49673708e-01 2.06360365e-01 2.72394673e-01 8.42915820e-01
3.05911193e+00 3.47480547e+01 6.36699245e-01 1.69008485e+00 -8.09466884e-01 4.99653004e-01 8.49958475e-01 2.02057641e-01 2.70172247e-01 8.33534531e-01
3.09457851e+00 3.47258988e+01 6.44693195e-01 1.66880202e+00 -8.03967290e-01 4.95200694e-01 8.50214796e-01 1.97900925e-01 2.67960161e-01 8.24229982e-01
3.13045628e+00 3.47034652e+01 6.52767543e-01 1.64775883e+00 -7.97242124e-01 4.91902356e-01 8.50442377e-01 1.93838647e-01 2.65758449e-01 8.15001681e-01
3.16675001e+00 3.46807510e+01 6.60922713e-01 1.62684613e+00 -7.90598553e-01 4.88487218e-01 8.50641153e-01 1.89818854e-01 2.63567090e-01 8.05849357e-01
3.20346452e+00 3.46577533e+01 6.69159120e-01 1.60615911e+00 -7.84143354e-01 4.85110069e-01 8.50811001e-01 1.85882501e-01 2.61385966e-01 7.96772678e-01
3.24060469e+00 3.46344694e+01 6.77477178e-01 1.58566906e+00 -7.77602172e-01 4.81739465e-01 8.50951650e-01 1.81985693e-01 2.59214892e-01 7.87771170e-01
3.27817545e+00 3.46108965e+01 6.85877295e-01 1.56537010e+00 -7.71209408e-01 4.78431153e-01 8.51063097e-01 1.78234366e-01 2.57054300e-01 7.78844613e-01
3.31618180e+00 3.45870316e+01 6.94359862e-01 1.54524451e+00 -7.64700756e-01 4.75043418e-01 8.51145175e-01 1.74514218e-01 2.54904134e-01 7.69992623e-01
3.35462879e+00 3.45628720e+01 7.02925269e-01 1.52535053e+00 -7.58031592e-01 4.72066936e-01 8.51197600e-01 1.70847876e-01 2.52764156e-01 7.61214716e-01
3.39352152e+00 3.45384147e+01 7.11573917e-01 1.50574844e+00 -7.51684345e-01 4.68614875e-01 8.51220416e-01 1.67242306e-01 2.50634209e-01 7.52510699e-01
3.43286516e+00 3.45136569e+01 7.20306163e-01 1.48609892e+00 -7.45514090e-01 4.65188621e-01 8.51213492e-01 1.63708095e-01 2.48514369e-01 7.43880216e-01
3.47266494e+00 3.44885956e+01 7.29122361e-01 1.46675618e+00 -7.39215994e-01 4.61924073e-01 8.51176491e-01 1.60286139e-01 2.46404989e-01 7.35322732e-01
3.51292616e+00 3.44632281e+01 7.38022957e-01 1.44759626e+00 -7.32855856e-01 4.58637155e-01 8.51109528e-01 1.56968754e-01 2.44306339e-01 7.26838103e-01
3.55365415e+00 3.44375513e+01 7.47008215e-01 1.42859402e+00 -7.26530436e-01 4.55382164e-01 8.51012384e-01 1.53603984e-01 2.42218148e-01 7.18425893e-01
3.59485433e+00 3.44115623e+01 7.56078528e-01 1.40983413e+00 -7.20445861e-01 4.52196259e-01 8.50884729e-01 1.50349368e-01 2.40140047e-01 7.10085570e-01
3.63653217e+00 3.43852581e+01 7.65234213e-01 1.39123332e+00 -7.14140120e-01 4.48945382e-01 8.50726790e-01 1.47163737e-01 2.38072157e-01 7.01817074e-01
3.67869322e+00 3.43586359e+01 7.74475609e-01 1.37281448e+00 -7.08010929e-01 4.45725143e-01 8.50538285e-01 1.44085227e-01 2.36014630e-01 6.93619909e-01
3.72134307e+00 3.43316926e+01 7.83803046e-01 1.35457440e+00 -7.01912173e-01 4.42527848e-01 8.50319002e-01 1.41000224e-01 2.33967493e-01 6.85493639e-01
3.76448740e+00 3.43044252e+01 7.93216822e-01 1.33652095e+00 -6.95720984e-01 4.39355558e-01 8.50068969e-01 1.38036814e-01 2.31930781e-01 6.77438025e-01
3.80813193e+00 3.42768308e+01 8.02717231e-01 1.31864518e+00 -6.89719052e-01 4.36179572e-01 8.49788028e-01 1.35097156e-01 2.29904376e-01 6.69452670e-01
3.85228246e+00 3.42489064e+01 8.12304586e-01 1.30094498e+00 -6.83670169e-01 4.32958732e-01 8.49476009e-01 1.32210466e-01 2.27888428e-01 6.61537167e-01
3.89694486e+00 3.42206489e+01 8.21979156e-01 1.28342391e+00 -6.77644235e-01 4.29795951e-01 8.49132943e-01 1.29343001e-01 2.25882889e-01 6.53691268e-01
3.94212507e+00 3.41920554e+01 8.31741232e-01 1.26607871e+00 -6.71640230e-01 4.26680111e-01 8.48758528e-01 1.26595333e-01 2.23887662e-01 6.45914460e-01
3.98782909e+00 3.41631227e+01 8.41591072e-01 1.24891039e+00 -6.65696748e-01 4.23600613e-01 8.48352838e-01 1.23844345e-01 2.21902605e-01 6.38206518e-01
4.03406298e+00 3.41338480e+01 8.51528921e-01 1.23191565e+00 -6.59805223e-01 4.20452795e-01 8.47915797e-01 1.21207117e-01 2.19927999e-01 6.30567099e-01
4.08083290e+00 3.41042280e+01 8.61555012e-01 1.21509552e+00 -6.53881542e-01 4.17318100e-01 8.47447046e-01 1.18600105e-01 2.17963596e-01 6.22995648e-01
4.12814506e+00 3.40742598e+01 8.71669588e-01 1.19844693e+00 -6.48059149e-01 4.14204489e-01 8.46946828e-01 1.16032216e-01 2.16009393e-01 6.15492054e-01
4.17600575e+00 3.40439402e+01 8.81872873e-01 1.18196782e+00 -6.42217197e-01 4.11182309e-01 8.46414955e-01 1.13505588e-01 2.14065442e-01 6.08055883e-01
4.22442132e+00 3.40132663e+01 8.92165049e-01 1.16566203e+00 -6.36332823e-01 4.08127546e-01 8.45850904e-01 1.11031191e-01 2.12132079e-01 6.00686466e-01
4.27339821e+00 3.39822350e+01 9.02546350e-01 1.14952034e+00 -6.30610238e-01 4.05028575e-01 8.45255618e-01 1.08654329e-01 2.10209135e-01 5.93384172e-01
4.32294292e+00 3.39508431e+01 9.13016912e-01 1.13355335e+00 -6.24849255e-01 4.01984987e-01 8.44628165e-01 1.06262488e-01 2.08296510e-01 5.86148034e-01
4.37306204e+00 3.39190876e+01 9.23576947e-01 1.11774872e+00 -6.19201075e-01 3.98952499e-01 8.43968525e-01 1.03968649e-01 2.06394225e-01 5.78977739e-01
4.42376224e+00 3.38869653e+01 9.34226594e-01 1.10211179e+00 -6.13516508e-01 3.96000894e-01 8.43277000e-01 1.01666318e-01 2.04502338e-01 5.71873185e-01
4.47505023e+00 3.38544732e+01 9.44966001e-01 1.08663791e+00 -6.07878200e-01 3.92910740e-01 8.42553235e-01 9.94728873e-02 2.02620755e-01 5.64833817e-01
4.52693285e+00 3.38216082e+01 9.55795318e-01 1.07132850e+00 -6.02233475e-01 3.89910371e-01 8.41797172e-01 9.72822264e-02 2.00749560e-01 5.57859284e-01
4.57941698e+00 3.37883671e+01 9.66714677e-01 1.05618142e+00 -5.96665942e-01 3.86932457e-01 8.41009019e-01 9.51236309e-02 1.98888752e-01 5.50949404e-01
4.63250960e+00 3.37547469e+01 9.77724051e-01 1.04119395e+00 -5.91129121e-01 3.83946232e-01 8.40187733e-01 9.30440425e-02 1.97038365e-01 5.44103178e-01
4.68621776e+00 3.37207444e+01 9.88823678e-01 1.02636882e+00 -5.85580637e-01 3.81008610e-01 8.39335062e-01 9.10072215e-02 1.95198226e-01 5.37321421e-01
4.74054860e+00 3.36863565e+01 1.00001358e+00 1.01170373e+00 -5.80098925e-01 3.78059792e-01 8.38449304e-01 8.89782636e-02 1.93368276e-01 5.30602705e-01
4.79550934e+00 3.36515801e+01 1.01129382e+00 9.97196354e-01 -5.74645853e-01 3.75090893e-01 8.37531753e-01 8.69853171e-02 1.91548433e-01 5.23947526e-01
4.85110728e+00 3.36164120e+01 1.02266445e+00 9.82846917e-01 -5.69223712e-01 3.72180568e-01 8.36581318e-01 8.50710063e-02 1.89738929e-01 5.17354865e-01
4.90734981e+00 3.35808492e+01 1.03412547e+00 9.68656408e-01 -5.63832826e-01 3.69269327e-01 8.35598407e-01 8.31962008e-02 1.87939881e-01 5.10824644e-01
4.96424440e+00 3.35448884e+01 1.04567694e+00 9.54613821e-01 -5.58466329e-01 3.66393638e-01 8.34582801e-01 8.13149336e-02 1.86151212e-01 5.04356393e-01
5.02179862e+00 3.35085266e+01 1.05731884e+00 9.40729347e-01 -5.53137533e-01 3.63501159e-01 8.33534605e-01 7.95178330e-02 1.84372857e-01 4.97949839e-01
5.08002010e+00 3.34717607e+01 1.06905115e+00 9.27000523e-01 -5.47800199e-01 3.60618534e-01 8.32453220e-01 7.77274287e-02 1.82604877e-01 4.91604287e-01
5.13891659e+00 3.34345875e+01 1.08087383e+00 9.13418650e-01 -5.42565343e-01 3.57774308e-01 8.31340250e-01 7.59996477e-02 1.80847151e-01 4.85320341e-01
5.19849590e+00 3.33970039e+01 1.09278683e+00 8.99990197e-01 -5.37286403e-01 3.54935193e-01 8.30194044e-01 7.42664520e-02 1.79099684e-01 4.79096681e-01
5.25876597e+00 3.33590068e+01 1.10479007e+00 8.86712652e-01 -5.31946773e-01 3.52208261e-01 8.29014536e-01 7.25968459e-02 1.77362313e-01 4.72932932e-01
5.31973479e+00 3.33205930e+01 1.11688351e+00 8.73584117e-01 -5.26938064e-01 3.49241573e-01 8.27803049e-01 7.09640189e-02 1.75635014e-01 4.66829502e-01
5.38141047e+00 3.32817594e+01 1.12906707e+00 8.60602506e-01 -5.21739192e-01 3.46428612e-01 8.26558681e-01 6.93593907e-02 1.73918000e-01 4.60785524e-01
5.44380120e+00 3.32425031e+01 1.14134044e+00 8.47767698e-01 -5.16639488e-01 3.43663476e-01 8.25281592e-01 6.77813130e-02 1.72211506e-01 4.54800733e-01
5.50691528e+00 3.32028206e+01 1.15370370e+00 8.35078053e-01 -5.11509292e-01 3.40883016e-01 8.23971868e-01 6.62577404e-02 1.70515513e-01 4.48874820e-01
5.57076108e+00 3.31627091e+01 1.16615660e+00 8.22532436e-01 -5.06472317e-01 3.38112796e-01 8.22629425e-01 6.47443095e-02 1.68829825e-01 4.43007381e-01
5.63534710e+00 3.31221655e+01 1.17869898e+00 8.10130778e-01 -5.01481181e-01 3.35311291e-01 8.21254209e-01 6.32829185e-02 1.67154351e-01 4.37198026e-01
5.70068191e+00 3.30811864e+01 1.19133066e+00 7.97869882e-01 -4.96494352e-01 3.32565710e-01 8.19847007e-01 6.18355494e-02 1.65489109e-01 4.31446810e-01
5.76677419e+00 3.30397692e+01 1.20405133e+00 7.85754781e-01 -4.91490640e-01 3.29864574e-01 8.18405778e-01 6.04217905e-02 1.63834157e-01 4.25752292e-01
5.83363274e+00 3.29979105e+01 1.21686086e+00 7.73776889e-01 -4.86550667e-01 3.27131712e-01 8.16932567e-01 5.90157290e-02 1.62189440e-01 4.20115186e-01
5.90126642e+00 3.29556072e+01 1.22975895e+00 7.61937888e-01 -4.81676019e-01 3.24409990e-01 8.15426753e-01 5.76768246e-02 1.60554887e-01 4.14534794e-01
5.96968423e+00 3.29128564e+01 1.24274533e+00 7.50240017e-01 -4.76787506e-01 3.21716893e-01 8.13888268e-01 5.63437149e-02 1.58930502e-01 4.09010713e-01
6.03889527e+00 3.28696550e+01 1.25581970e+00 7.38676905e-01 -4.71963661e-01 3.19035107e-01 8.12317267e-01 5.50468414e-02 1.57316352e-01 4.03542650e-01
6.10890871e+00 3.28260000e+01 1.26898174e+00 7.27253498e-01 -4.67140695e-01 3.16350866e-01 8.10713744e-01 5.37554114e-02 1.55712428e-01 3.98130230e-01
6.17973388e+00 3.27818883e+01 1.28223112e+00 7.15963888e-01 -4.62323576e-01 3.13710932e-01 8.09077735e-01 5.25237763e-02 1.54118764e-01 3.92773096e-01
6.25138017e+00 3.27373169e+01 1.29556750e+00 7.04807077e-01 -4.57575881e-01 3.11047889e-01 8.07409317e-01 5.13001903e-02 1.52535251e-01 3.87470908e-01
6.32385712e+00 3.26922828e+01 1.30899039e+00 6.93784576e-01 -4.52872333e-01 3.08398956e-01 8.05708458e-01 5.00908198e-02 1.50961831e-01 3.82223275e-01
6.39717434e+00 3.26467831e+01 1.32249949e+00 6.82895474e-01 -4.48190305e-01 3.05785213e-01 8.03975330e-01 4.89252152e-02 1.49398409e-01 3.77029898e-01
6.47134159e+00 3.26008146e+01 1.33609433e+00 6.72136901e-01 -4.43516778e-01 3.03171001e-01 8.02209977e-01 4.77748678e-02 1.47844953e-01 3.71890419e-01
6.54636871e+00 3.25543745e+01 1.34977450e+00 6.61508218e-01 -4.38814535e-01 3.00670713e-01 8.00412461e-01 4.66687397e-02 1.46301718e-01 3.66804482e-01
6.62226568e+00 3.25074601e+01 1.36353948e+00 6.51009234e-01 -4.34313250e-01 2.98001749e-01 7.98582834e-01 4.55700187e-02 1.44768943e-01 3.61771729e-01
6.69904257e+00 3.24600680e+01 1.37738878e+00 6.40636379e-01 -4.29735956e-01 2.95423478e-01 7.96721154e-01 4.45071098e-02 1.43246508e-01 3.56791800e-01
6.77670960e+00 3.24121956e+01 1.39132189e+00 6.30393979e-01 -4.25057185e-01 2.93005239e-01 7.94827504e-01 4.34419371e-02 1.41733975e-01 3.51864349e-01
6.85527709e+00 3.23638401e+01 1.40533829e+00 6.20272919e-01 -4.20684600e-01 2.90304650e-01 7.92901991e-01 4.24191641e-02 1.40231221e-01 3.46989034e-01
6.93475546e+00 3.23149982e+01 1.41943734e+00 6.10280930e-01 -4.16187708e-01 2.87769380e-01 7.90944719e-01 4.14036499e-02 1.38738597e-01 3.42165513e-01
7.01515529e+00 3.22656672e+01 1.43361850e+00 6.00411436e-01 -4.11764232e-01 2.85257073e-01 7.88955748e-01 4.04232611e-02 1.37256325e-01 3.37393421e-01
7.09648725e+00 3.22158447e+01 1.44788113e+00 5.90665155e-01 -4.07268262e-01 2.82749403e-01 7.86935220e-01 3.94675901e-02 1.35784115e-01 3.32672430e-01
7.17876216e+00 3.21655274e+01 1.46222461e+00 5.81042095e-01 -4.02981192e-01 2.80235741e-01 7.84883168e-01 3.85175979e-02 1.34321652e-01 3.28002162e-01
7.26199094e+00 3.21147128e+01 1.47664823e+00 5.71537642e-01 -3.98598856e-01 2.77765436e-01 7.82799805e-01 3.76059467e-02 1.32869212e-01 3.23382311e-01
7.34618465e+00 3.20633981e+01 1.49115133e+00 5.62157618e-01 -3.94278334e-01 2.75296684e-01 7.80685164e-01 3.67052244e-02 1.31427012e-01 3.18812500e-01
7.43135448e+00 3.20115803e+01 1.50573317e+00 5.52892908e-01 -3.90003870e-01 2.72842795e-01 7.78539390e-01 3.58205275e-02 1.29994808e-01 3.14292391e-01
7.51751176e+00 3.19592571e+01 1.52039302e+00 5.43758654e-01 -3.85696222e-01 2.70394413e-01 7.76362896e-01 3.49514252e-02 1.28572321e-01 3.09821755e-01
7.60466791e+00 3.19064256e+01 1.53513009e+00 5.34720501e-01 -3.81450492e-01 2.67941568e-01 7.74154972e-01 3.41120691e-02 1.27159839e-01 3.05399912e-01
7.69283454e+00 3.18530830e+01 1.54994355e+00 5.25808430e-01 -3.77266296e-01 2.65536472e-01 7.71916569e-01 3.32852871e-02 1.25757601e-01 3.01026844e-01
7.78202335e+00 3.17992270e+01 1.56483277e+00 5.17010795e-01 -3.73031774e-01 2.63121896e-01 7.69647613e-01 3.24812425e-02 1.24365245e-01 2.96702122e-01
7.87224619e+00 3.17448547e+01 1.57979649e+00 5.08327293e-01 -3.68954907e-01 2.60731870e-01 7.67348095e-01 3.16857902e-02 1.22982517e-01 2.92425342e-01
7.96351505e+00 3.16899636e+01 1.59483419e+00 4.99764967e-01 -3.64824176e-01 2.58351900e-01 7.65018566e-01 3.09080663e-02 1.21609679e-01 2.88196316e-01
8.05584205e+00 3.16345515e+01 1.60994484e+00 4.91306691e-01 -3.60708404e-01 2.55986969e-01 7.62658309e-01 3.01558001e-02 1.20247000e-01 2.84014373e-01
8.14923948e+00 3.15786154e+01 1.62512750e+00 4.82955979e-01 -3.56696619e-01 2.53619994e-01 7.60268485e-01 2.94166431e-02 1.18894288e-01 2.79879547e-01
8.24371973e+00 3.15221530e+01 1.64038123e+00 4.74719855e-01 -3.52663937e-01 2.51272932e-01 7.57848716e-01 2.86959728e-02 1.17551388e-01 2.75791296e-01
8.33929536e+00 3.14651621e+01 1.65570502e+00 4.66593373e-01 -3.48700820e-01 2.48924111e-01 7.55399292e-01 2.79921109e-02 1.16218261e-01 2.71749324e-01
8.43597908e+00 3.14076398e+01 1.67109784e+00 4.58575190e-01 -3.44660972e-01 2.46644767e-01 7.52920535e-01 2.73055608e-02 1.14894921e-01 2.67753344e-01
8.53378372e+00 3.13495842e+01 1.68655864e+00 4.50664184e-01 -3.40738468e-01 2.44320209e-01 7.50411909e-01 2.66287761e-02 1.13581319e-01 2.63802764e-01
8.63272228e+00 3.12909928e+01 1.70208635e+00 4.42860053e-01 -3.36812679e-01 2.42026065e-01 7.47874686e-01 2.59672638e-02 1.12277367e-01 2.59897630e-01
8.73280791e+00 3.12318619e+01 1.71767985e+00 4.35162015e-01 -3.32953580e-01 2.39749332e-01 7.45308223e-01 2.53159237e-02 1.10983136e-01 2.56037312e-01
8.83405391e+00 3.11721932e+01 1.73333803e+00 4.27567898e-01 -3.29100858e-01 2.37483820e-01 7.42713221e-01 2.46934311e-02 1.09699000e-01 2.52221651e-01
8.93647373e+00 3.11119807e+01 1.74905971e+00 4.20076328e-01 -3.25264702e-01 2.35225873e-01 7.40089565e-01 2.40742589e-02 1.08424847e-01 2.48450201e-01
9.04008098e+00 3.10512233e+01 1.76484368e+00 4.12687530e-01 -3.21476828e-01 2.32985060e-01 7.37437222e-01 2.34740332e-02 1.07160169e-01 2.44722550e-01
9.14488942e+00 3.09899193e+01 1.78068873e+00 4.05401891e-01 -3.17711330e-01 2.30745812e-01 7.34756984e-01 2.28780023e-02 1.05904860e-01 2.41038557e-01
9.25091299e+00 3.09280660e+01 1.79659358e+00 3.98212562e-01 -3.13975419e-01 2.28540743e-01 7.32048831e-01 2.23048090e-02 1.04659481e-01 2.37397811e-01
9.35816577e+00 3.08656619e+01 1.81255704e+00 3.91127992e-01 -3.10287232e-01 2.26308980e-01 7.29312873e-01 2.17487852e-02 1.03424086e-01 2.33799942e-01
9.46666202e+00 3.08027048e+01 1.82857760e+00 3.84139660e-01 -3.06580803e-01 2.24141151e-01 7.26549410e-01 2.12002799e-02 1.02198241e-01 2.30244644e-01
9.57641614e+00 3.07391925e+01 1.84465407e+00 3.77249909e-01 -3.02936550e-01 2.21954661e-01 7.23758620e-01 2.06580042e-02 1.00981787e-01 2.26731569e-01
9.68744272e+00 3.06751235e+01 1.86078501e+00 3.70457737e-01 -2.99326161e-01 2.19794282e-01 7.20940788e-01 2.01298011e-02 9.97749063e-02 2.23260403e-01
9.79975652e+00 3.06104956e+01 1.87696905e+00 3.63759559e-01 -2.95730044e-01 2.17629352e-01 7.18096086e-01 1.96249903e-02 9.85777315e-02 2.19830794e-01
9.91337245e+00 3.05453073e+01 1.89320469e+00 3.57156767e-01 -2.92143095e-01 2.15518663e-01 7.15224891e-01 1.91208567e-02 9.73901933e-02 2.16442455e-01
1.00283056e+01 3.04795567e+01 1.90949052e+00 3.50650517e-01 -2.88648929e-01 2.13355172e-01 7.12327210e-01 1.86346150e-02 9.62121768e-02 2.13094985e-01
1.01445713e+01 3.04132418e+01 1.92582500e+00 3.44233306e-01 -2.85144555e-01 2.11228171e-01 7.09403395e-01 1.81518047e-02 9.50436931e-02 2.09788085e-01
1.02621849e+01 3.03463615e+01 1.94220660e+00 3.37910409e-01 -2.81648001e-01 2.09148748e-01 7.06453699e-01 1.76852016e-02 9.38847208e-02 2.06521429e-01
1.03811621e+01 3.02789138e+01 1.95863375e+00 3.31679063e-01 -2.78182839e-01 2.07058232e-01 7.03478382e-01 1.72280969e-02 9.27351054e-02 2.03294690e-01
1.05015188e+01 3.02108973e+01 1.97510486e+00 3.25538078e-01 -2.74791408e-01 2.04963907e-01 7.00477717e-01 1.67861427e-02 9.15949552e-02 2.00107546e-01
1.06232707e+01 3.01423105e+01 1.99161832e+00 3.19486607e-01 -2.71385925e-01 2.02901804e-01 6.97451944e-01 1.63542945e-02 9.04644034e-02 1.96959664e-01
1.07464343e+01 3.00731517e+01 2.00817242e+00 3.13523284e-01 -2.68031133e-01 2.00845590e-01 6.94401291e-01 1.59299181e-02 8.93431506e-02 1.93850706e-01
1.08710258e+01 3.00034201e+01 2.02476552e+00 3.07648054e-01 -2.64702391e-01 1.98806624e-01 6.91326121e-01 1.55154684e-02 8.82311653e-02 1.90780374e-01
1.09970617e+01 2.99331138e+01 2.04139585e+00 3.01858908e-01 -2.61393359e-01 1.96775955e-01 6.88226667e-01 1.51058233e-02 8.71286260e-02 1.87748332e-01
1.11245589e+01 2.98622319e+01 2.05806169e+00 2.96156686e-01 -2.58108930e-01 1.94765048e-01 6.85103157e-01 1.47144278e-02 8.60354057e-02 1.84754244e-01
1.12535343e+01 2.97907731e+01 2.07476123e+00 2.90540028e-01 -2.54853820e-01 1.92761802e-01 6.81955968e-01 1.43266072e-02 8.49514097e-02 1.81797811e-01
1.13840050e+01 2.97187362e+01 2.09149267e+00 2.85006620e-01 -2.51597770e-01 1.90778083e-01 6.78785332e-01 1.39474867e-02 8.38766417e-02 1.78878699e-01
1.15159883e+01 2.96461202e+01 2.10825413e+00 2.79558826e-01 -2.48443173e-01 1.88792741e-01 6.75591581e-01 1.35771236e-02 8.28109503e-02 1.75996596e-01
1.16495018e+01 2.95729240e+01 2.12504376e+00 2.74190749e-01 -2.45265689e-01 1.86831940e-01 6.72375055e-01 1.35446084e-02 8.17544331e-02 1.73151196e-01
1.17845632e+01 2.94991469e+01 2.14185965e+00 2.68904928e-01 -2.42128041e-01 1.84875370e-01 6.69135996e-01 1.28727253e-02 8.07072503e-02 1.70342163e-01
1.19211905e+01 2.94247877e+01 2.15869984e+00 2.63701186e-01 -2.39019821e-01 1.82930654e-01 6.65874724e-01 1.25266273e-02 7.96691578e-02 1.67569185e-01
1.20594018e+01 2.93498459e+01 2.17556236e+00 2.58575905e-01 -2.35918553e-01 1.81020981e-01 6.62591608e-01 1.21930604e-02 7.86400129e-02 1.64831959e-01
1.21992155e+01 2.92743205e+01 2.19244522e+00 2.53531750e-01 -2.32865367e-01 1.79092799e-01 6.59286907e-01 1.18658279e-02 7.76199553e-02 1.62130156e-01
1.23406502e+01 2.91982110e+01 2.20934639e+00 2.48564613e-01 -2.29834195e-01 1.77184794e-01 6.55960984e-01 1.15492716e-02 7.66089863e-02 1.59463474e-01
1.24837246e+01 2.91215167e+01 2.22626378e+00 2.43673910e-01 -2.26815580e-01 1.75321073e-01 6.52614196e-01 1.12357132e-02 7.56070570e-02 1.56831607e-01
1.26284578e+01 2.90442371e+01 2.24319526e+00 2.38860984e-01 -2.23839426e-01 1.73438705e-01 6.49246724e-01 1.09369530e-02 7.46141039e-02 1.54234207e-01
1.27748690e+01 2.89663720e+01 2.26013887e+00 2.34122951e-01 -2.20879003e-01 1.71577560e-01 6.45859073e-01 1.06412555e-02 7.36300842e-02 1.51671005e-01
1.29229776e+01 2.88879205e+01 2.27709233e+00 2.29459868e-01 -2.17989406e-01 1.69709243e-01 6.42451564e-01 1.03526907e-02 7.26550473e-02 1.49141688e-01
1.30728034e+01 2.88088828e+01 2.29405339e+00 2.24870161e-01 -2.14974323e-01 1.67969967e-01 6.39024377e-01 1.00679897e-02 7.16889863e-02 1.46645908e-01
1.32243662e+01 2.87292583e+01 2.31101998e+00 2.20355316e-01 -2.12194688e-01 1.66056169e-01 6.35578034e-01 9.79539575e-03 7.07317238e-02 1.44183401e-01
1.33776863e+01 2.86490472e+01 2.32798974e+00 2.15912428e-01 -2.09355066e-01 1.64237063e-01 6.32112805e-01 9.52890073e-03 6.97832156e-02 1.41753841e-01
1.35327838e+01 2.85682491e+01 2.34496048e+00 2.11540515e-01 -2.06537976e-01 1.62436239e-01 6.28629040e-01 9.26804804e-03 6.88435521e-02 1.39356924e-01
1.36896795e+01 2.84868642e+01 2.36192985e+00 2.07239275e-01 -2.03739184e-01 1.60652836e-01 6.25127497e-01 9.01300065e-03 6.79126747e-02 1.36992432e-01
1.38483943e+01 2.84048925e+01 2.37889551e+00 2.03008316e-01 -2.00964163e-01 1.58896980e-01 6.21607770e-01 8.76309960e-03 6.69904695e-02 1.34659894e-01
1.40089491e+01 2.83223343e+01 2.39585514e+00 1.98847446e-01 -1.98231033e-01 1.57110073e-01 6.18070753e-01 8.51892008e-03 6.60769595e-02 1.32359126e-01
1.41713654e+01 2.82391896e+01 2.41280634e+00 1.94755075e-01 -1.95512360e-01 1.55358774e-01 6.14516669e-01 8.28277391e-03 6.51721678e-02 1.30089794e-01
1.43356646e+01 2.81554591e+01 2.42974663e+00 1.90726917e-01 -1.92817616e-01 1.53617793e-01 6.10945655e-01 8.05458775e-03 6.42760597e-02 1.27851551e-01
1.45018688e+01 2.80711428e+01 2.44667372e+00 1.86769124e-01 -1.90166212e-01 1.51891263e-01 6.07358591e-01 7.83168819e-03 6.33886237e-02 1.25644205e-01
1.46699998e+01 2.79862415e+01 2.46358498e+00 1.82872825e-01 -1.87539509e-01 1.50171081e-01 6.03755321e-01 7.61382276e-03 6.25098597e-02 1.23467347e-01
1.48400801e+01 2.79007557e+01 2.48047802e+00 1.79043193e-01 -1.84910869e-01 1.48475000e-01 6.00136713e-01 7.40029816e-03 6.16397788e-02 1.21320783e-01
1.50121323e+01 2.78146861e+01 2.49735017e+00 1.75277885e-01 -1.82327732e-01 1.46785513e-01 5.96502543e-01 7.18940288e-03 6.07781928e-02 1.19204094e-01
1.51861793e+01 2.77280333e+01 2.51419899e+00 1.71576540e-01 -1.79776373e-01 1.45104771e-01 5.92853872e-01 6.98898909e-03 5.99249356e-02 1.17117122e-01
1.53622440e+01 2.76407985e+01 2.53102190e+00 1.67944812e-01 -1.77234097e-01 1.43447261e-01 5.89190620e-01 6.78914950e-03 5.90800787e-02 1.15059483e-01
1.55403501e+01 2.75529823e+01 2.54781620e+00 1.64361865e-01 -1.74722641e-01 1.41786525e-01 5.85513292e-01 6.59664304e-03 5.82436567e-02 1.13030908e-01
1.57205210e+01 2.74645859e+01 2.56457932e+00 1.60846408e-01 -1.72223598e-01 1.40141675e-01 5.81822314e-01 6.41141167e-03 5.74155815e-02 1.11031113e-01
1.59027808e+01 2.73756103e+01 2.58130862e+00 1.57391973e-01 -1.69791207e-01 1.38514817e-01 5.78118102e-01 6.22627567e-03 5.65958490e-02 1.09059813e-01
1.60871537e+01 2.72860569e+01 2.59800136e+00 1.53996750e-01 -1.67349488e-01 1.36901289e-01 5.74401120e-01 6.04859143e-03 5.57844496e-02 1.07116734e-01
1.62736641e+01 2.71959269e+01 2.61465489e+00 1.50660762e-01 -1.64939656e-01 1.35290428e-01 5.70671583e-01 5.87700619e-03 5.49812852e-02 1.05201554e-01
1.64623370e+01 2.71052217e+01 2.63126641e+00 1.47383079e-01 -1.62558933e-01 1.33704217e-01 5.66930090e-01 5.70817005e-03 5.41863100e-02 1.03314024e-01
1.66531972e+01 2.70139428e+01 2.64783322e+00 1.44162836e-01 -1.60192745e-01 1.32130187e-01 5.63176868e-01 5.54123180e-03 5.33995460e-02 1.01453828e-01
1.68462702e+01 2.69220919e+01 2.66435258e+00 1.40999118e-01 -1.57889379e-01 1.30531643e-01 5.59412383e-01 5.38111694e-03 5.26209724e-02 9.96206951e-02
1.70415817e+01 2.68296705e+01 2.68082164e+00 1.37890930e-01 -1.55551903e-01 1.29001442e-01 5.55637029e-01 5.22717050e-03 5.18505370e-02 9.78143414e-02
1.72391575e+01 2.67366806e+01 2.69723756e+00 1.34839017e-01 -1.53265894e-01 1.27456072e-01 5.51851275e-01 5.07364119e-03 5.10882329e-02 9.60344973e-02
1.74390240e+01 2.66431239e+01 2.71359752e+00 1.31840219e-01 -1.51005074e-01 1.25924596e-01 5.48055463e-01 4.92558082e-03 5.03339510e-02 9.42808719e-02
1.76412077e+01 2.65490025e+01 2.72989864e+00 1.28896817e-01 -1.48764906e-01 1.24405781e-01 5.44250099e-01 4.78277016e-03 4.95875432e-02 9.25532041e-02
1.78457355e+01 2.64543184e+01 2.74613809e+00 1.26006411e-01 -1.46548539e-01 1.22897295e-01 5.40435432e-01 4.64046225e-03 4.88490746e-02 9.08511895e-02
1.80526345e+01 2.63590738e+01 2.76231293e+00 1.23165520e-01 -1.44358417e-01 1.21401533e-01 5.36612073e-01 4.50408529e-03 4.81185723e-02 8.91745867e-02
1.82619322e+01 2.62632711e+01 2.77842024e+00 1.20381413e-01 -1.42185463e-01 1.19920354e-01 5.32780437e-01 4.37145284e-03 4.73959424e-02 8.75231213e-02
1.84736565e+01 2.61669126e+01 2.79445708e+00 1.17645704e-01 -1.40069714e-01 1.18447736e-01 5.28940806e-01 4.24195580e-03 4.66811621e-02 8.58964990e-02
1.86878355e+01 2.60700008e+01 2.81042050e+00 1.14961008e-01 -1.37923266e-01 1.16990530e-01 5.25093636e-01 4.11554781e-03 4.59742000e-02 8.42944550e-02
1.89044976e+01 2.59725382e+01 2.82630751e+00 1.12325107e-01 -1.35823934e-01 1.15543739e-01 5.21239284e-01 3.99269173e-03 4.52749683e-02 8.27167104e-02
1.91236716e+01 2.58745276e+01 2.84211523e+00 1.09738913e-01 -1.33758253e-01 1.14098591e-01 5.17378467e-01 3.87343071e-03 4.45834320e-02 8.11630440e-02
1.93453867e+01 2.57759718e+01 2.85784055e+00 1.07200681e-01 -1.31698988e-01 1.12682850e-01 5.13511303e-01 3.75730284e-03 4.38995524e-02 7.96331410e-02
1.95696723e+01 2.56768736e+01 2.87348038e+00 1.04710113e-01 -1.29659705e-01 1.11276048e-01 5.09638391e-01 3.64441100e-03 4.32233335e-02 7.81267641e-02
1.97965582e+01 2.55772361e+01 2.88903192e+00 1.02267427e-01 -1.27663461e-01 1.09868784e-01 5.05760046e-01 3.53576138e-03 4.25547076e-02 7.66436328e-02
2.00260746e+01 2.54770624e+01 2.90449194e+00 9.98697497e-02 -1.25678519e-01 1.08480914e-01 5.01876750e-01 3.42706628e-03 4.18935404e-02 7.51834936e-02
2.02582519e+01 2.53763557e+01 2.91985744e+00 9.75186701e-02 -1.23719599e-01 1.07104537e-01 4.97988982e-01 3.32395213e-03 4.12398341e-02 7.37460939e-02
2.04931210e+01 2.52751194e+01 2.93512536e+00 9.52126288e-02 -1.21778372e-01 1.05739044e-01 4.94097103e-01 3.22191394e-03 4.05935825e-02 7.23311645e-02
2.07307132e+01 2.51733567e+01 2.95029267e+00 9.29510852e-02 -1.19857695e-01 1.04386874e-01 4.90201624e-01 3.12436909e-03 3.99547079e-02 7.09384603e-02
2.09710599e+01 2.50710713e+01 2.96535621e+00 9.07337094e-02 -1.17974616e-01 1.03040682e-01 4.86302932e-01 3.02842922e-03 3.93232089e-02 6.95677188e-02
2.12141931e+01 2.49682669e+01 2.98031298e+00 8.85586121e-02 -1.16094360e-01 1.01717284e-01 4.82401479e-01 2.93574954e-03 3.86990940e-02 6.82186887e-02
2.14601452e+01 2.48649472e+01 2.99515980e+00 8.64263974e-02 -1.14245532e-01 1.00395130e-01 4.78497702e-01 2.84551294e-03 3.80822887e-02 6.68911180e-02
2.17089488e+01 2.47611159e+01 3.00989363e+00 8.43360272e-02 -1.12417290e-01 9.90878734e-02 4.74591968e-01 2.75632721e-03 3.74727140e-02 6.55847466e-02
2.19606369e+01 2.46567772e+01 3.02451134e+00 8.22868540e-02 -1.10607948e-01 9.77535527e-02 4.70684760e-01 2.67165041e-03 3.68703740e-02 6.42993318e-02
2.22152431e+01 2.45519350e+01 3.03900983e+00 8.02782217e-02 -1.08822118e-01 9.65115947e-02 4.66776507e-01 2.58799364e-03 3.62752466e-02 6.30346252e-02
2.24728011e+01 2.44465935e+01 3.05338592e+00 7.83092704e-02 -1.07059619e-01 9.52381281e-02 4.62867579e-01 2.50835631e-03 3.56872531e-02 6.17903719e-02
2.27333451e+01 2.43407571e+01 3.06763653e+00 7.63798240e-02 -1.05324388e-01 9.39664263e-02 4.58958405e-01 2.42880092e-03 3.51063538e-02 6.05663271e-02
2.29969099e+01 2.42344301e+01 3.08175857e+00 7.44887863e-02 -1.03595529e-01 9.27217982e-02 4.55049473e-01 2.35304754e-03 3.45324942e-02 5.93622546e-02
2.32635303e+01 2.41276170e+01 3.09574877e+00 7.26367877e-02 -1.01900282e-01 9.14785471e-02 4.51141142e-01 2.27923491e-03 3.39655805e-02 5.81779037e-02
2.35332419e+01 2.40203224e+01 3.10960408e+00 7.08222739e-02 -1.00216649e-01 9.02565204e-02 4.47233861e-01 2.20741475e-03 3.34055729e-02 5.70130367e-02
2.38060804e+01 2.39125510e+01 3.12332137e+00 6.90448294e-02 -9.85545859e-02 8.90436718e-02 4.43328072e-01 2.13762295e-03 3.28524704e-02 5.58674167e-02
2.40820822e+01 2.38043078e+01 3.13689748e+00 6.73033041e-02 -9.69183476e-02 8.78347387e-02 4.39424174e-01 2.06929549e-03 3.23062329e-02 5.47408032e-02
2.43612838e+01 2.36955975e+01 3.15032928e+00 6.55983285e-02 -9.53014941e-02 8.66400907e-02 4.35522621e-01 2.00241053e-03 3.17668027e-02 5.36329641e-02
2.46437225e+01 2.35864252e+01 3.16361365e+00 6.39285678e-02 -9.37051839e-02 8.54537008e-02 4.31623806e-01 1.93928996e-03 3.12340932e-02 5.25436617e-02
2.49294357e+01 2.34767962e+01 3.17674745e+00 6.22939649e-02 -9.21203231e-02 8.42906136e-02 4.27727768e-01 1.87620834e-03 3.07079909e-02 5.14726174e-02
2.52184613e+01 2.33667157e+01 3.18972760e+00 6.06987579e-02 -9.05638783e-02 8.31280988e-02 4.23835723e-01 1.81575599e-03 3.01884536e-02 5.04196965e-02
2.55108379e+01 2.32561890e+01 3.20255096e+00 5.91274992e-02 -8.90305593e-02 8.19728857e-02 4.19947824e-01 1.75619170e-03 2.96754933e-02 4.93846371e-02
2.58066042e+01 2.31452216e+01 3.21521445e+00 5.75942503e-02 -8.75077203e-02 8.08393432e-02 4.16064655e-01 1.69956558e-03 2.91691167e-02 4.83672302e-02
2.61057995e+01 2.30338191e+01 3.22771502e+00 5.60935927e-02 -8.60070569e-02 7.97135814e-02 4.12185876e-01 1.64426419e-03 2.86692891e-02 4.73671616e-02
2.64084637e+01 2.29219872e+01 3.24004952e+00 5.46251342e-02 -8.45293363e-02 7.85959454e-02 4.08312872e-01 1.59058285e-03 2.81759518e-02 4.63843195e-02
2.67146368e+01 2.28097316e+01 3.25221491e+00 5.31880238e-02 -8.30665605e-02 7.74928067e-02 4.04445118e-01 1.53845559e-03 2.76890506e-02 4.54183735e-02
2.70243597e+01 2.26970583e+01 3.26420824e+00 5.17818809e-02 -8.16289162e-02 7.63960526e-02 4.00583679e-01 1.48789706e-03 2.72085490e-02 4.44691771e-02
2.73376734e+01 2.25839733e+01 3.27602635e+00 5.04062013e-02 -8.02003155e-02 7.53150749e-02 3.96728764e-01 1.43943913e-03 2.67344404e-02 4.35364881e-02
2.76546195e+01 2.24704827e+01 3.28766621e+00 4.90602172e-02 -7.87992136e-02 7.42391614e-02 3.92880750e-01 1.39208204e-03 2.62667524e-02 4.26200855e-02
2.79752403e+01 2.23565927e+01 3.29912478e+00 4.77429423e-02 -7.74156736e-02 7.31752930e-02 3.89039964e-01 1.34574448e-03 2.58053925e-02 4.17197450e-02
2.82995783e+01 2.22423096e+01 3.31039912e+00 4.64550343e-02 -7.60512794e-02 7.21216364e-02 3.85206824e-01 1.30097427e-03 2.53501620e-02 4.08352542e-02
2.86276765e+01 2.21276399e+01 3.32148612e+00 4.51964092e-02 -7.47025703e-02 7.10814870e-02 3.81381730e-01 1.25783949e-03 2.49009784e-02 3.99664006e-02
2.89595787e+01 2.20125900e+01 3.33238286e+00 4.39650426e-02 -7.33686795e-02 7.00553593e-02 3.77565090e-01 1.21593983e-03 2.44579077e-02 3.91129748e-02
2.92953288e+01 2.18971667e+01 3.34308632e+00 4.27618583e-02 -7.20624733e-02 6.90301052e-02 3.73757287e-01 1.17458856e-03 2.40208773e-02 3.82747662e-02
2.96349716e+01 2.17813766e+01 3.35359358e+00 4.15856545e-02 -7.07558555e-02 6.80344584e-02 3.69958722e-01 1.13372970e-03 2.35896664e-02 3.74515684e-02
2.99785520e+01 2.16652266e+01 3.36389852e+00 4.04368380e-02 -6.94927635e-02 6.70220086e-02 3.66169852e-01 1.09568932e-03 2.31642632e-02 3.66431826e-02
3.03261159e+01 2.15487236e+01 3.37400788e+00 3.93136453e-02 -6.82332103e-02 6.60342999e-02 3.62391162e-01 1.05870286e-03 2.27448598e-02 3.58494141e-02
3.06777093e+01 2.14318746e+01 3.38390917e+00 3.82158384e-02 -6.69944660e-02 6.50544163e-02 3.58622791e-01 1.02314139e-03 2.23314185e-02 3.50700361e-02
3.10333790e+01 2.13146869e+01 3.39360280e+00 3.71434232e-02 -6.57717834e-02 6.40862646e-02 3.54865192e-01 9.87978925e-04 2.19237191e-02 3.43048552e-02
3.13931723e+01 2.11971675e+01 3.40308594e+00 3.60958391e-02 -6.45679873e-02 6.31262326e-02 3.51118776e-01 9.53687550e-04 2.15217302e-02 3.35536759e-02
3.17571369e+01 2.10793239e+01 3.41235574e+00 3.50723051e-02 -6.33794645e-02 6.21784688e-02 3.47383875e-01 9.21295664e-04 2.11255049e-02 3.28162967e-02
3.21253213e+01 2.09611635e+01 3.42140951e+00 3.40718089e-02 -6.22068127e-02 6.12466631e-02 3.43660908e-01 8.88787344e-04 2.07349078e-02 3.20925265e-02
3.24977742e+01 2.08426937e+01 3.43024449e+00 3.30970097e-02 -6.10495880e-02 6.03157672e-02 3.39950176e-01 8.57633449e-04 2.03497901e-02 3.13821654e-02
3.28745453e+01 2.07239221e+01 3.43885792e+00 3.21443736e-02 -5.99113960e-02 5.93983970e-02 3.36252036e-01 8.27781306e-04 1.99702107e-02 3.06850208e-02
3.32556846e+01 2.06048568e+01 3.44724724e+00 3.12143344e-02 -5.87902764e-02 5.84904065e-02 3.32566990e-01 7.98709865e-04 1.95961199e-02 3.00009151e-02
3.36412427e+01 2.04855052e+01 3.45540974e+00 3.03067429e-02 -5.76835578e-02 5.75941852e-02 3.28895278e-01 7.70420338e-04 1.92274098e-02 2.93296488e-02
3.40312709e+01 2.03658751e+01 3.46334302e+00 2.94207356e-02 -5.65940470e-02 5.67079103e-02 3.25237291e-01 7.43707908e-04 1.88640950e-02 2.86710383e-02
3.44258210e+01 2.02459748e+01 3.47104438e+00 2.85561070e-02 -5.55194112e-02 5.58321514e-02 3.21593402e-01 7.17610254e-04 1.85062146e-02 2.80249005e-02
3.48249454e+01 2.01258123e+01 3.47851129e+00 2.77119645e-02 -5.44595205e-02 5.49664914e-02 3.17963881e-01 6.92512026e-04 1.81537129e-02 2.73910449e-02
3.52286971e+01 2.00053955e+01 3.48574135e+00 2.68883387e-02 -5.34210387e-02 5.41692364e-02 3.14348837e-01 6.67397134e-04 1.78064839e-02 2.67692702e-02
3.56371299e+01 1.98847329e+01 3.49273201e+00 2.60850591e-02 -5.23944069e-02 5.32575617e-02 3.10749155e-01 6.43569897e-04 1.74644105e-02 2.61594429e-02
3.60502979e+01 1.97638328e+01 3.49948091e+00 2.53017992e-02 -5.13824232e-02 5.24204217e-02 3.07164657e-01 6.20335028e-04 1.71274001e-02 2.55613414e-02
3.64682560e+01 1.96427034e+01 3.50598575e+00 2.45380903e-02 -5.03874690e-02 5.15910513e-02 3.03595991e-01 5.98134701e-04 1.67954437e-02 2.49748157e-02
3.68910599e+01 1.95213534e+01 3.51224416e+00 2.37933444e-02 -4.94053776e-02 5.07735872e-02 3.00043143e-01 5.76288743e-04 1.64685134e-02 2.43996630e-02
3.73187657e+01 1.93997913e+01 3.51825388e+00 2.30658773e-02 -4.84407234e-02 4.99626847e-02 2.96506833e-01 5.55147634e-04 1.61465676e-02 2.38357427e-02
3.77514301e+01 1.92780257e+01 3.52401275e+00 2.23596092e-02 -4.74882413e-02 4.91647199e-02 2.92987213e-01 5.35487859e-04 1.58296551e-02 2.32828700e-02
3.81891108e+01 1.91560651e+01 3.52951852e+00 2.16692889e-02 -4.65528342e-02 4.83735774e-02 2.89484525e-01 5.16354279e-04 1.55177730e-02 2.27408692e-02
3.86318658e+01 1.90339187e+01 3.53476911e+00 2.09965196e-02 -4.55875006e-02 4.76359066e-02 2.85999026e-01 4.97255095e-04 1.52107295e-02 2.22095687e-02
3.90797541e+01 1.89115953e+01 3.53976237e+00 2.03411578e-02 -4.47245313e-02 4.68195387e-02 2.82531057e-01 4.78736291e-04 1.49084091e-02 2.16888051e-02
3.95328350e+01 1.87891035e+01 3.54449608e+00 1.97026743e-02 -4.38311910e-02 4.60574047e-02 2.79080888e-01 4.60906206e-04 1.46108474e-02 2.11784119e-02
3.99911688e+01 1.86664525e+01 3.54896886e+00 1.90806751e-02 -4.29541228e-02 4.53025074e-02 2.75648852e-01 4.43707633e-04 1.43180042e-02 2.06782292e-02
4.04548165e+01 1.85436515e+01 3.55317810e+00 1.84749425e-02 -4.20882071e-02 4.45590181e-02 2.72235200e-01 4.27364887e-04 1.40297714e-02 2.01880931e-02
4.09238396e+01 1.84207095e+01 3.55712225e+00 1.78853003e-02 -4.12380946e-02 4.38282045e-02 2.68840238e-01 4.11161045e-04 1.37460967e-02 1.97078457e-02
4.13983003e+01 1.82976356e+01 3.56079940e+00 1.73110890e-02 -4.03984018e-02 4.30984906e-02 2.65464205e-01 3.95902089e-04 1.34669591e-02 1.92373264e-02
4.18782619e+01 1.81744392e+01 3.56420778e+00 1.67520217e-02 -3.95780968e-02 4.23774084e-02 2.62107478e-01 3.81019292e-04 1.31923786e-02 1.87763865e-02
4.23637881e+01 1.80511298e+01 3.56734579e+00 1.62076323e-02 -3.87674126e-02 4.16697170e-02 2.58770132e-01 3.66606825e-04 1.29223611e-02 1.83248579e-02
4.28549433e+01 1.79277165e+01 3.57021160e+00 1.56774603e-02 -3.79695408e-02 4.09702891e-02 2.55452490e-01 3.53028750e-04 1.26567902e-02 1.78825921e-02
4.33517928e+01 1.78042087e+01 3.57280371e+00 1.51615471e-02 -3.71857823e-02 4.02794576e-02 2.52154738e-01 3.39530784e-04 1.23955752e-02 1.74494332e-02
4.38544027e+01 1.76806160e+01 3.57512089e+00 1.46595990e-02 -3.64166148e-02 3.95972012e-02 2.48877142e-01 3.26620093e-04 1.21387017e-02 1.70252331e-02
4.43628397e+01 1.75569481e+01 3.57716042e+00 1.41694558e-02 -3.56585375e-02 3.89223512e-02 2.45619944e-01 3.13639059e-04 1.18860380e-02 1.66098437e-02
4.48771714e+01 1.74332145e+01 3.57892208e+00 1.36970234e-02 -3.49120437e-02 3.82555199e-02 2.42383423e-01 3.01439908e-04 1.16374439e-02 1.62031217e-02
4.53974662e+01 1.73094244e+01 3.58040412e+00 1.32357678e-02 -3.41791279e-02 3.76000681e-02 2.39167813e-01 2.89649963e-04 1.13929891e-02 1.58049226e-02
4.59237931e+01 1.71855886e+01 3.58160522e+00 1.27869614e-02 -3.34589191e-02 3.69519188e-02 2.35973373e-01 2.78800665e-04 1.11527879e-02 1.54151056e-02
4.64562221e+01 1.70617157e+01 3.58252420e+00 1.23502532e-02 -3.27489586e-02 3.63136445e-02 2.32800197e-01 2.67895223e-04 1.09167623e-02 1.50335210e-02
4.69948239e+01 1.69378160e+01 3.58315976e+00 1.19286279e-02 -3.20511208e-02 3.56841150e-02 2.29648523e-01 2.57115508e-04 1.06847058e-02 1.46600309e-02
4.75396702e+01 1.68138993e+01 3.58351088e+00 1.15138635e-02 -3.13694306e-02 3.50574112e-02 2.26518568e-01 2.47009648e-04 1.04565482e-02 1.42944977e-02
4.80908333e+01 1.66899753e+01 3.58357644e+00 1.11132896e-02 -3.06969664e-02 3.44432547e-02 2.23410529e-01 2.37523608e-04 1.02323978e-02 1.39367846e-02
4.86483864e+01 1.65660537e+01 3.58335544e+00 1.07233256e-02 -3.00345651e-02 3.38380011e-02 2.20324556e-01 2.28346075e-04 1.00122906e-02 1.35867542e-02
4.92124037e+01 1.64421450e+01 3.58284691e+00 1.03445422e-02 -2.93544402e-02 3.32706249e-02 2.17260739e-01 2.19182780e-04 9.79604204e-03 1.32442670e-02
4.97829601e+01 1.63182588e+01 3.58204994e+00 9.97717254e-03 -2.87504169e-02 3.26460240e-02 2.14219294e-01 2.10086871e-04 9.58346778e-03 1.29091938e-02
5.03601313e+01 1.61944053e+01 3.58096370e+00 9.62081727e-03 -2.81240364e-02 3.20631079e-02 2.11200483e-01 2.01603577e-04 9.37450346e-03 1.25814098e-02
5.09439941e+01 1.60705943e+01 3.57958746e+00 9.27491254e-03 -2.75066375e-02 3.14894716e-02 2.08204526e-01 1.93407703e-04 9.16916416e-03 1.22607893e-02
5.15346261e+01 1.59468360e+01 3.57792061e+00 8.93911267e-03 -2.69025447e-02 3.09232886e-02 2.05231599e-01 1.85847653e-04 8.96752824e-03 1.19472060e-02
5.21321057e+01 1.58231403e+01 3.57596263e+00 8.61298324e-03 -2.63089278e-02 3.03644736e-02 2.02281812e-01 1.78224647e-04 8.76961969e-03 1.16405318e-02
5.27365123e+01 1.56995174e+01 3.57371285e+00 8.29596063e-03 -2.57264879e-02 2.98120538e-02 1.99355235e-01 1.71149069e-04 8.57530104e-03 1.13406382e-02
5.33479263e+01 1.55759773e+01 3.57117096e+00 7.98896539e-03 -2.51533461e-02 2.92690939e-02 1.96452042e-01 1.63917937e-04 8.38442951e-03 1.10474046e-02
5.39664289e+01 1.54525301e+01 3.56833648e+00 7.69110935e-03 -2.45897625e-02 2.87345554e-02 1.93572397e-01 1.57301044e-04 8.19701158e-03 1.07607119e-02
5.45921022e+01 1.53291861e+01 3.56520916e+00 7.40217919e-03 -2.40390146e-02 2.82049189e-02 1.90716420e-01 1.50593028e-04 8.01305232e-03 1.04804401e-02
5.52250295e+01 1.52059553e+01 3.56178871e+00 7.12195455e-03 -2.34977010e-02 2.76838637e-02 1.87884229e-01 1.44489772e-04 7.83245697e-03 1.02064715e-02
5.58652947e+01 1.50828478e+01 3.55807499e+00 6.85046546e-03 -2.29656707e-02 2.71716358e-02 1.85075929e-01 1.38585873e-04 7.65521440e-03 9.93868893e-03
5.65129830e+01 1.49598738e+01 3.55406788e+00 6.58693791e-03 -2.24439864e-02 2.66644124e-02 1.82291653e-01 1.32839615e-04 7.48132484e-03 9.67697918e-03
5.71681804e+01 1.48370435e+01 3.54976728e+00 6.33170800e-03 -2.19320055e-02 2.61655397e-02 1.79531445e-01 1.27181268e-04 7.31066803e-03 9.42122578e-03
5.78309741e+01 1.47143670e+01 3.54517334e+00 6.08440817e-03 -2.14296188e-02 2.56739314e-02 1.76795479e-01 1.21644730e-04 7.14316947e-03 9.17132118e-03
5.85014520e+01 1.45917998e+01 3.54028605e+00 5.84423637e-03 -2.09383245e-02 2.51889042e-02 1.74083813e-01 1.16537065e-04 6.97881667e-03 8.92715344e-03
5.91797032e+01 1.44695159e+01 3.53510565e+00 5.61314078e-03 -2.04529219e-02 2.47121764e-02 1.71396549e-01 1.11576404e-04 6.81756106e-03 8.68861483e-03
5.98658180e+01 1.43473616e+01 3.52963241e+00 5.38868897e-03 -1.99781865e-02 2.42419781e-02 1.68733788e-01 1.06767209e-04 6.65941395e-03 8.45559922e-03
6.05598873e+01 1.42254016e+01 3.52386665e+00 5.17073758e-03 -1.95130568e-02 2.37782549e-02 1.66095541e-01 1.02501674e-04 6.50442354e-03 8.22799786e-03
6.12620036e+01 1.41036460e+01 3.51780873e+00 4.95981088e-03 -1.90582354e-02 2.33211394e-02 1.63481799e-01 9.79345003e-05 6.35250190e-03 8.00570286e-03
6.19722600e+01 1.39821050e+01 3.51145900e+00 4.75530212e-03 -1.86070103e-02 2.28721289e-02 1.60892603e-01 9.37533473e-05 6.20347326e-03 7.78861073e-03
6.26907509e+01 1.38607886e+01 3.50481796e+00 4.55802341e-03 -1.81710442e-02 2.24298219e-02 1.58328073e-01 8.94827343e-05 6.05726991e-03 7.57662354e-03
6.34175719e+01 1.37397069e+01 3.49788616e+00 4.36714617e-03 -1.77417574e-02 2.19928003e-02 1.55788278e-01 8.56902704e-05 5.91394670e-03 7.36964250e-03
6.41528194e+01 1.36188699e+01 3.49066425e+00 4.18209050e-03 -1.73205312e-02 2.15630504e-02 1.53273223e-01 8.19486761e-05 5.77351320e-03 7.16756760e-03
6.48965912e+01 1.34982877e+01 3.48315294e+00 4.00324782e-03 -1.69074981e-02 2.11402830e-02 1.50782914e-01 7.83427089e-05 5.63588371e-03 6.97030050e-03
6.56489861e+01 1.33779702e+01 3.47535289e+00 3.83034641e-03 -1.65029619e-02 2.07231743e-02 1.48317349e-01 7.51044074e-05 5.50105003e-03 6.77774441e-03
6.64101041e+01 1.32579275e+01 3.46726487e+00 3.66215578e-03 -1.61071336e-02 2.03126324e-02 1.45876472e-01 7.21035684e-05 5.36909322e-03 6.58980169e-03
6.71800463e+01 1.31381693e+01 3.45888966e+00 3.49926838e-03 -1.57197719e-02 1.99077092e-02 1.43460147e-01 6.89436483e-05 5.23993417e-03 6.40637307e-03
6.79589150e+01 1.30187057e+01 3.45022794e+00 3.34194486e-03 -1.53401226e-02 1.95090671e-02 1.41068334e-01 6.58315073e-05 5.11337654e-03 6.22736550e-03
6.87468138e+01 1.28995467e+01 3.44128047e+00 3.18997767e-03 -1.49682691e-02 1.91176887e-02 1.38701061e-01 6.29532096e-05 4.98936664e-03 6.05269045e-03
6.95438472e+01 1.27807020e+01 3.43204809e+00 3.04302816e-03 -1.46037787e-02 1.87322682e-02 1.36358302e-01 6.02410188e-05 4.86797440e-03 5.88225878e-03
7.03501212e+01 1.26621814e+01 3.42253171e+00 2.90022538e-03 -1.42483248e-02 1.83513589e-02 1.34039954e-01 5.76476095e-05 4.74923103e-03 5.71597967e-03
7.11657430e+01 1.25439950e+01 3.41273208e+00 2.76201586e-03 -1.38992755e-02 1.79781589e-02 1.31745837e-01 5.53466363e-05 4.63309092e-03 5.55376076e-03
7.19908209e+01 1.24261522e+01 3.40265000e+00 2.62821003e-03 -1.35586724e-02 1.76092693e-02 1.29475847e-01 5.30108192e-05 4.51948238e-03 5.39551480e-03
7.28254645e+01 1.23086630e+01 3.39228618e+00 2.49826009e-03 -1.32252063e-02 1.72475811e-02 1.27229816e-01 5.08226206e-05 4.40839397e-03 5.24115363e-03
7.36697848e+01 1.21915370e+01 3.38164132e+00 2.37232486e-03 -1.28996679e-02 1.68903303e-02 1.25007581e-01 4.87507582e-05 4.29982407e-03 5.09059098e-03
7.45238939e+01 1.20747839e+01 3.37071599e+00 2.25006223e-03 -1.25811707e-02 1.65394052e-02 1.22808918e-01 4.66007592e-05 4.19368294e-03 4.94373996e-03
7.53879054e+01 1.19584136e+01 3.35951072e+00 2.13194536e-03 -1.22697068e-02 1.61941013e-02 1.20633688e-01 4.46277280e-05 4.08988634e-03 4.80051887e-03
7.62619340e+01 1.18424355e+01 3.34802615e+00 2.01728547e-03 -1.19652994e-02 1.58552082e-02 1.18481738e-01 4.28340688e-05 3.98842191e-03 4.66084709e-03
7.71460959e+01 1.17268594e+01 3.33626239e+00 1.90622052e-03 -1.16677332e-02 1.55200501e-02 1.16352873e-01 4.09964871e-05 3.88923895e-03 4.52464398e-03
7.80405085e+01 1.16116950e+01 3.32422010e+00 1.79862855e-03 -1.13770916e-02 1.51911346e-02 1.14246933e-01 3.93185263e-05 3.79229077e-03 4.39183197e-03
7.89452907e+01 1.14969518e+01 3.31189959e+00 1.69428183e-03 -1.10928410e-02 1.48682898e-02 1.12163740e-01 3.76696767e-05 3.69758053e-03 4.26233431e-03
7.98605627e+01 1.13826394e+01 3.29930105e+00 1.59303786e-03 -1.08155678e-02 1.45504591e-02 1.10103076e-01 3.58539495e-05 3.60499513e-03 4.13607437e-03
8.07864462e+01 1.12687676e+01 3.28642469e+00 1.49637502e-03 -1.05428458e-02 1.42395265e-02 1.08064877e-01 3.40384995e-05 3.51428286e-03 4.01298296e-03
8.17230641e+01 1.11553458e+01 3.27327089e+00 1.40327508e-03 -1.02757710e-02 1.39347595e-02 1.06049263e-01 3.21616651e-05 3.42526897e-03 3.89299880e-03
8.26705409e+01 1.10423836e+01 3.25984031e+00 1.31466535e-03 -1.00131148e-02 1.36366980e-02 1.04056432e-01 3.01602005e-05 3.33787547e-03 3.77606453e-03
8.36290026e+01 1.09298907e+01 3.24613388e+00 1.23074910e-03 -9.75505236e-03 1.33445988e-02 1.02086680e-01 2.80018345e-05 3.25188795e-03 3.66212716e-03
8.45985764e+01 1.08178766e+01 3.23215310e+00 1.15268478e-03 -9.50070358e-03 1.30604056e-02 1.00140595e-01 2.54906054e-05 3.16690982e-03 3.55114467e-03
8.55793912e+01 1.07063506e+01 3.21790031e+00 1.08179623e-03 -9.24751157e-03 1.27850846e-02 9.82191776e-02 2.26133730e-05 3.08250250e-03 3.44308985e-03
8.65715774e+01 1.05953221e+01 3.20337922e+00 1.01934889e-03 -8.99458185e-03 1.25191709e-02 9.63238808e-02 1.91965138e-05 2.99817671e-03 3.33795053e-03
8.75752667e+01 1.04848004e+01 3.18859554e+00 9.67171422e-04 -8.74031705e-03 1.22636950e-02 9.44567750e-02 1.53492670e-05 2.91334465e-03 3.23573465e-03
8.85905925e+01 1.03747943e+01 3.17355715e+00 9.28433615e-04 -8.48078083e-03 1.20219299e-02 9.26205937e-02 1.07302924e-05 2.82737343e-03 3.13647051e-03
8.96176897e+01 1.02653125e+01 3.15827554e+00 9.02038559e-04 -8.21868014e-03 1.17905355e-02 9.08188268e-02 5.46614045e-06 2.73952710e-03 3.04020871e-03
9.06566949e+01 1.01563632e+01 3.14276628e+00 8.94143029e-04 -7.94690691e-03 1.15752117e-02 8.90559745e-02 -4.73584786e-07 2.64898460e-03 2.94702916e-03
9.17077460e+01 1.00479538e+01 3.12705027e+00 9.06052101e-04 -7.66523650e-03 1.13758750e-02 8.73375101e-02 -7.18619748e-06 2.55500123e-03 2.85703816e-03
9.27709828e+01 9.94009108e+00 3.11115499e+00 9.40308209e-04 -7.37062198e-03 1.11933366e-02 8.56698663e-02 -1.42838966e-05 2.45692636e-03 2.77036624e-03
9.38465465e+01 9.83278068e+00 3.09511519e+00 9.98156258e-04 -7.06339860e-03 1.10267922e-02 8.40603080e-02 -2.14539646e-05 2.35442355e-03 2.68716254e-03
9.49345799e+01 9.72602681e+00 3.07897396e+00 1.07938389e-03 -6.74340275e-03 1.08748649e-02 8.25163982e-02 -2.80350309e-05 2.24778793e-03 2.60757666e-03
9.60352278e+01 9.61983218e+00 3.06278273e+00 1.18168534e-03 -6.41355427e-03 1.07337954e-02 8.10453438e-02 -3.36315226e-05 2.13788369e-03 2.53173796e-03
9.71486363e+01 9.51419746e+00 3.04660064e+00 1.30092120e-03 -6.07824803e-03 1.05982032e-02 7.96533839e-02 -3.75280464e-05 2.02609670e-03 2.45973758e-03
9.82749534e+01 9.40912125e+00 3.03049321e+00 1.43138054e-03 -5.74345389e-03 1.04624935e-02 7.83450152e-02 -3.92704098e-05 1.91447433e-03 2.39160679e-03
9.94143287e+01 9.30459978e+00 3.01453000e+00 1.56486205e-03 -5.41747111e-03 1.03180871e-02 7.71221597e-02 -3.82846557e-05 1.80570633e-03 2.32729509e-03
1.00566914e+02 9.20062680e+00 2.99878147e+00 1.69165925e-03 -5.10834917e-03 1.01577906e-02 7.59833886e-02 -3.45203266e-05 1.70283769e-03 2.26665170e-03
1.01732861e+02 9.09719375e+00 2.98331476e+00 1.80198235e-03 -4.82616494e-03 9.97454843e-03 7.49235841e-02 -2.83039448e-05 1.60875835e-03 2.20942132e-03
1.02912327e+02 8.99428976e+00 2.96818960e+00 1.88814343e-03 -4.57768738e-03 9.76051895e-03 7.39341702e-02 -2.00977378e-05 1.52587094e-03 2.15525698e-03
1.04105467e+02 8.89190230e+00 2.95345447e+00 1.94315207e-03 -4.36812023e-03 9.51861265e-03 7.30035379e-02 -1.04241741e-05 1.45602698e-03 2.10373788e-03
1.05312440e+02 8.79001697e+00 2.93914317e+00 1.96217340e-03 -4.20104377e-03 9.24421372e-03 7.21176502e-02 -6.96909144e-08 1.40032456e-03 2.05439122e-03
1.06533406e+02 8.68861907e+00 2.92527237e+00 1.94379813e-03 -4.07637482e-03 8.94018634e-03 7.12610576e-02 1.00035643e-05 1.35879279e-03 2.00672429e-03
1.07768527e+02 8.58769323e+00 2.91184043e+00 1.88961202e-03 -3.99128217e-03 8.61210177e-03 7.04181883e-02 1.90477216e-05 1.33039830e-03 1.96026215e-03
1.09017969e+02 8.48722451e+00 2.89882842e+00 1.80342666e-03 -3.94018915e-03 8.26810989e-03 6.95745022e-02 2.66725372e-05 1.31343300e-03 1.91457893e-03
1.10281896e+02 8.38719915e+00 2.88619871e+00 1.69045927e-03 -3.91750144e-03 7.91472986e-03 6.87171661e-02 3.26354649e-05 1.30582701e-03 1.86931405e-03
1.11560477e+02 8.28760442e+00 2.87390294e+00 1.55653710e-03 -3.91584814e-03 7.56090573e-03 6.78355976e-02 3.67819497e-05 1.30526087e-03 1.82418360e-03
1.12853881e+02 8.18842995e+00 2.86187921e+00 1.40891438e-03 -3.92804955e-03 7.21335998e-03 6.69218142e-02 3.91462906e-05 1.30933697e-03 1.77898571e-03
1.14162281e+02 8.08966766e+00 2.85005819e+00 1.25330808e-03 -3.94749275e-03 6.87865121e-03 6.59705371e-02 3.99523562e-05 1.31583632e-03 1.73359895e-03
1.15485850e+02 7.99131179e+00 2.83836595e+00 1.09525026e-03 -3.96865131e-03 6.56150408e-03 6.49790002e-02 3.94858932e-05 1.32289156e-03 1.68797303e-03
1.16824764e+02 7.89335897e+00 2.82672655e+00 9.39432645e-04 -3.98700358e-03 6.26534263e-03 6.39465976e-02 3.79978282e-05 1.32898931e-03 1.64211581e-03
1.18179202e+02 7.79580894e+00 2.81506512e+00 7.89406846e-04 -3.99879348e-03 5.99246794e-03 6.28745573e-02 3.57467855e-05 1.33294903e-03 1.59608179e-03
1.19549342e+02 7.69866362e+00 2.80330957e+00 6.48030356e-04 -4.00189195e-03 5.74359406e-03 6.17655731e-02 3.30080086e-05 1.33395107e-03 1.54996018e-03
1.20935367e+02 7.60192735e+00 2.79139251e+00 5.16994856e-04 -3.99462188e-03 5.51862418e-03 6.06233729e-02 3.00271043e-05 1.33153467e-03 1.50386213e-03
1.22337462e+02 7.50560706e+00 2.77925233e+00 3.97165740e-04 -3.97660679e-03 5.31640618e-03 5.94523180e-02 2.69633214e-05 1.32552022e-03 1.45790955e-03
1.23755812e+02 7.40971107e+00 2.76683393e+00 2.89021830e-04 -3.94760390e-03 5.13564417e-03 5.82571235e-02 2.39094145e-05 1.31588985e-03 1.41222758e-03
1.25190606e+02 7.31425009e+00 2.75408903e+00 1.92536314e-04 -3.90833254e-03 4.97424231e-03 5.70426998e-02 2.09631490e-05 1.30275711e-03 1.36694042e-03
1.26642034e+02 7.21923601e+00 2.74097635e+00 1.07463661e-04 -3.85900904e-03 4.83065733e-03 5.58138573e-02 1.81746410e-05 1.28634410e-03 1.32216426e-03
1.28110290e+02 7.12468227e+00 2.72746160e+00 3.32148619e-05 -3.80072014e-03 4.70260718e-03 5.45753382e-02 1.56071959e-05 1.26693563e-03 1.27800830e-03
1.29595569e+02 7.03060330e+00 2.71351719e+00 -3.11265341e-05 -3.73478203e-03 4.58778764e-03 5.33315852e-02 1.33453829e-05 1.24494355e-03 1.23456964e-03
1.31098068e+02 6.93701422e+00 2.69912160e+00 -8.65567709e-05 -3.66268780e-03 4.48376207e-03 5.20865687e-02 1.13031111e-05 1.22078470e-03 1.19192989e-03
1.32617986e+02 6.84393119e+00 2.68425906e+00 -1.33662565e-04 -3.58406613e-03 4.39021492e-03 5.08439361e-02 9.41615154e-06 1.19471624e-03 1.15015928e-03
1.34155526e+02 6.75137021e+00 2.66891904e+00 -1.73508744e-04 -3.50148082e-03 4.30396294e-03 4.96070880e-02 7.79463925e-06 1.16705098e-03 1.10931892e-03
1.35710892e+02 6.65934803e+00 2.65309583e+00 -2.06227370e-04 -3.41455289e-03 4.22486388e-03 4.83789770e-02 6.42624900e-06 1.13820772e-03 1.06945676e-03
1.37284290e+02 6.56788149e+00 2.63678787e+00 -2.33584468e-04 -3.32544908e-03 4.15031996e-03 4.71620994e-02 5.19458642e-06 1.10846828e-03 1.03060808e-03
1.38875930e+02 6.47698717e+00 2.61999719e+00 -2.55710840e-04 -3.23400219e-03 4.08022267e-03 4.59586976e-02 4.13233759e-06 1.07803825e-03 9.92800501e-04
1.40486023e+02 6.38668179e+00 2.60272920e+00 -2.73476792e-04 -3.14169931e-03 4.01283108e-03 4.47706907e-02 3.26524967e-06 1.04720961e-03 9.56052916e-04
1.42114783e+02 6.29698164e+00 2.58499188e+00 -2.87498528e-04 -3.04853967e-03 3.94787042e-03 4.35996319e-02 2.49343129e-06 1.01619692e-03 9.20375015e-04
1.43762426e+02 6.20790289e+00 2.56679573e+00 -2.97978777e-04 -2.95531948e-03 3.88461997e-03 4.24468788e-02 1.80323890e-06 9.85101062e-04 8.85771335e-04
1.45429172e+02 6.11946113e+00 2.54815314e+00 -3.05528600e-04 -2.86225841e-03 3.82283212e-03 4.13136283e-02 1.24992640e-06 9.54081031e-04 8.52242249e-04
1.47115242e+02 6.03167160e+00 2.52907840e+00 -3.10631359e-04 -2.76997215e-03 3.76131188e-03 4.02007908e-02 8.10413817e-07 9.23330709e-04 8.19781629e-04
1.48820859e+02 5.94454901e+00 2.50958701e+00 -3.13731303e-04 -2.67888324e-03 3.70016267e-03 3.91090372e-02 4.22553530e-07 8.92957972e-04 7.88378136e-04
1.50546251e+02 5.85810731e+00 2.48969565e+00 -3.14966975e-04 -2.58905296e-03 3.63921979e-03 3.80389114e-02 7.79041439e-08 8.63004537e-04 7.58017773e-04
1.52291647e+02 5.77236021e+00 2.46942186e+00 -3.14549305e-04 -2.50058996e-03 3.57840095e-03 3.69908795e-02 -1.90782144e-07 8.33545483e-04 7.28684998e-04
1.54057278e+02 5.68732051e+00 2.44878393e+00 -3.13001514e-04 -2.41411135e-03 3.51703390e-03 3.59652282e-02 -3.93915404e-07 8.04683596e-04 7.00360839e-04
1.55843380e+02 5.60300061e+00 2.42780057e+00 -3.10348209e-04 -2.32940702e-03 3.45546387e-03 3.49620914e-02 -5.66324677e-07 7.76470005e-04 6.73023610e-04
1.57650189e+02 5.51941189e+00 2.40649081e+00 -3.06770379e-04 -2.24673138e-03 3.39350575e-03 3.39815249e-02 -6.98696706e-07 7.48931120e-04 6.46650505e-04
1.59477946e+02 5.43656555e+00 2.38487379e+00 -3.02723298e-04 -2.16639209e-03 3.33088026e-03 3.30234847e-02 -7.83489815e-07 7.22123200e-04 6.21217267e-04
1.61326894e+02 5.35447172e+00 2.36296861e+00 -2.98130656e-04 -2.08812079e-03 3.26790823e-03 3.20878094e-02 -8.53822066e-07 6.96074645e-04 5.96697958e-04
1.63197278e+02 5.27314037e+00 2.34079418e+00 -2.93112686e-04 -2.01226480e-03 3.20473844e-03 3.11742963e-02 -9.06795111e-07 6.70775540e-04 5.73066476e-04
1.65089346e+02 5.19257984e+00 2.31836917e+00 -2.87882843e-04 -1.93873162e-03 3.14088841e-03 3.02826957e-02 -9.20068636e-07 6.46257864e-04 5.50296486e-04
1.67003351e+02 5.11279897e+00 2.29571196e+00 -2.82536515e-04 -1.86761475e-03 3.07667960e-03 2.94126585e-02 -9.34411656e-07 6.22535498e-04 5.28360509e-04
1.68939546e+02 5.03380545e+00 2.27284035e+00 -2.76983941e-04 -1.79869226e-03 3.01240993e-03 2.85638394e-02 -9.55281403e-07 5.99559773e-04 5.07231848e-04
1.70898189e+02 4.95560628e+00 2.24977182e+00 -2.71316287e-04 -1.73225500e-03 2.94776564e-03 2.77359215e-02 -9.61518228e-07 5.77320864e-04 4.86884998e-04
1.72879540e+02 4.87820800e+00 2.22652340e+00 -2.65486779e-04 -1.66736211e-03 2.88377411e-03 2.69285699e-02 -9.93631964e-07 5.55785101e-04 4.67294797e-04
1.74883863e+02 4.80161656e+00 2.20311188e+00 -2.59321936e-04 -1.60464108e-03 2.81986092e-03 2.61415456e-02 -1.03824942e-06 5.34874721e-04 4.48438384e-04
1.76911422e+02 4.72583734e+00 2.17955386e+00 -2.52882172e-04 -1.54375052e-03 2.75630531e-03 2.53746661e-02 -1.05992387e-06 5.14585893e-04 4.30294423e-04
1.78962489e+02 4.65087500e+00 2.15586582e+00 -2.46258384e-04 -1.48469399e-03 2.69324883e-03 2.46276916e-02 -1.07783963e-06 4.94925283e-04 4.12841121e-04
1.81037336e+02 4.57673390e+00 2.13206402e+00 -2.39442634e-04 -1.42759082e-03 2.63051962e-03 2.39003775e-02 -1.09138203e-06 4.75873650e-04 3.96057156e-04
1.83136238e+02 4.50341757e+00 2.10816457e+00 -2.32518703e-04 -1.37228911e-03 2.56828252e-03 2.31924690e-02 -1.09865287e-06 4.57425449e-04 3.79921570e-04
1.85259474e+02 4.43092964e+00 2.08418331e+00 -2.25419188e-04 -1.31863394e-03 2.50672215e-03 2.25037054e-02 -1.11312487e-06 4.39555743e-04 3.64413840e-04
1.87407326e+02 4.35927133e+00 2.06013596e+00 -2.18173295e-04 -1.26670176e-03 2.44573035e-03 2.18338584e-02 -1.12100537e-06 4.22239391e-04 3.49514487e-04
1.89580080e+02 4.28844638e+00 2.03603805e+00 -2.10844682e-04 -1.21645754e-03 2.38537185e-03 2.11826894e-02 -1.11820240e-06 4.05480530e-04 3.35204354e-04
1.91778024e+02 4.21845454e+00 2.01190495e+00 -2.03423553e-04 -1.16773856e-03 2.32580806e-03 2.05499172e-02 -1.11068093e-06 3.89274275e-04 3.21464109e-04
1.94001450e+02 4.14929853e+00 1.98775177e+00 -1.96036244e-04 -1.12083870e-03 2.26673918e-03 1.99352519e-02 -1.09272579e-06 3.73618437e-04 3.08274787e-04
1.96250655e+02 4.08097750e+00 1.96359332e+00 -1.88730542e-04 -1.07559635e-03 2.20834701e-03 1.93383644e-02 -1.06585636e-06 3.58516227e-04 2.95617323e-04
1.98525936e+02 4.01349173e+00 1.93944401e+00 -1.81519470e-04 -1.03172115e-03 2.15089696e-03 1.87588778e-02 -1.02241690e-06 3.43976003e-04 2.83472450e-04
2.00827596e+02 3.94684074e+00 1.91531774e+00 -1.74617174e-04 -9.90072937e-04 2.09355874e-03 1.81963370e-02 -9.60587178e-07 3.30024610e-04 2.71820267e-04
2.03155941e+02 3.88102305e+00 1.89122769e+00 -1.68071535e-04 -8.34621900e-04 2.15221704e-03 1.76502005e-02 -8.91084289e-07 3.16673418e-04 2.60640182e-04
2.05511281e+02 3.81603845e+00 1.86718610e+00 -1.61993611e-04 -9.11754783e-04 1.98087868e-03 1.71198767e-02 -8.17262421e-07 3.03917621e-04 2.49911489e-04
2.07893927e+02 3.75188375e+00 1.84320428e+00 -1.56401222e-04 -8.75241822e-04 1.92540990e-03 1.66047453e-02 -7.37065138e-07 2.91751343e-04 2.39613713e-04
2.10304198e+02 3.68855725e+00 1.81929242e+00 -1.51336931e-04 -8.40518935e-04 1.87051236e-03 1.61041492e-02 -6.61058349e-07 2.80167466e-04 2.29726502e-04
2.12742412e+02 3.62605630e+00 1.79545963e+00 -1.46652398e-04 -8.07346420e-04 1.81646318e-03 1.56174581e-02 -6.11276648e-07 2.69111417e-04 2.20230531e-04
2.15208895e+02 3.56437803e+00 1.77171404e+00 -1.42200267e-04 -7.75530564e-04 1.76336740e-03 1.51441706e-02 -5.78328075e-07 2.58508246e-04 2.11108894e-04
2.17703973e+02 3.50351928e+00 1.74806323e+00 -1.37927738e-04 -7.44975967e-04 1.71131031e-03 1.46838808e-02 -5.40508010e-07 2.48333848e-04 2.02346524e-04
2.20227979e+02 3.44347671e+00 1.72451415e+00 -1.33966859e-04 -7.15755172e-04 1.66020828e-03 1.42361694e-02 -5.05235973e-07 2.38583239e-04 1.93928621e-04
2.22781247e+02 3.38424660e+00 1.70107318e+00 -1.30138106e-04 -6.87658807e-04 1.61022283e-03 1.38006318e-02 -4.80870521e-07 2.29222953e-04 1.85841025e-04
2.25364117e+02 3.32582517e+00 1.67774624e+00 -1.26475512e-04 -6.60688699e-04 1.56136193e-03 1.33769157e-02 -4.54250897e-07 2.20227532e-04 1.78070705e-04
2.27976933e+02 3.26820835e+00 1.65453884e+00 -1.23004717e-04 -6.34814159e-04 1.51353132e-03 1.29646852e-02 -4.21362549e-07 2.11603821e-04 1.70605223e-04
2.30620040e+02 3.21139193e+00 1.63145594e+00 -1.19819322e-04 -6.10116047e-04 1.46673106e-03 1.25635410e-02 -4.06125637e-07 2.03327957e-04 1.63431690e-04
2.33293792e+02 3.15537153e+00 1.60850214e+00 -1.16388765e-04 -5.86003481e-04 1.42133139e-03 1.21732213e-02 -4.13226249e-07 1.95328250e-04 1.56539373e-04
2.35998542e+02 3.10014260e+00 1.58568198e+00 -1.12914316e-04 -5.62669372e-04 1.37732359e-03 1.17936084e-02 -4.27989854e-07 1.87556360e-04 1.49919677e-04
2.38734650e+02 3.04570045e+00 1.56300029e+00 -1.09280109e-04 -5.39973194e-04 1.33458431e-03 1.14246585e-02 -4.49227756e-07 1.79987759e-04 1.43565148e-04
2.41502480e+02 2.99204017e+00 1.54046231e+00 -1.05378079e-04 -5.17785425e-04 1.29260935e-03 1.10663854e-02 -4.74622145e-07 1.72597049e-04 1.37469214e-04
2.44302400e+02 2.93915673e+00 1.51807388e+00 -1.01285203e-04 -4.96163851e-04 1.25316394e-03 1.07188364e-02 -4.87948802e-07 1.65386019e-04 1.31625842e-04
2.47134781e+02 2.88704482e+00 1.49584133e+00 -9.71385805e-05 -4.75223041e-04 1.21420236e-03 1.03819800e-02 -4.82465851e-07 1.58395504e-04 1.26028153e-04
2.50000000e+02 2.83569896e+00 1.47377125e+00 -9.29729101e-05 -4.54974603e-04 1.17629709e-03 1.00556640e-02 -4.70315949e-07 1.51654629e-04 1.20667967e-04
