145
5.00000000e+00 1.50000000e+02 5.50000000e-01 7.62410595e-01 7.44320987e-01
5.00000000e+00 5.22618290e-01 4.91234065e-04 0.00000000e+00
6.00000000e+00 4.05694543e-01 3.68958255e-04 0.00000000e+00
7.00000000e+00 3.25639517e-01 2.49356348e-04 9.33307890e-19
8.00000000e+00 2.67846757e-01 2.41070187e-04 0.00000000e+00
9.00000000e+00 2.24395452e-01 1.81993802e-04 0.00000000e+00
1.00000000e+01 1.90697998e-01 1.85707733e-04 1.11022302e-16
1.10000000e+01 1.63925385e-01 1.41312365e-04 0.00000000e+00
1.20000000e+01 1.42240577e-01 1.30101862e-04 0.00000000e+00
1.30000000e+01 1.24402523e-01 1.18535471e-04 0.00000000e+00
1.40000000e+01 1.09536504e-01 1.00540802e-04 0.00000000e+00
1.50000000e+01 9.70097390e-02 8.24584827e-05 0.00000000e+00
1.60000000e+01 8.63535141e-02 7.75132527e-05 1.11022302e-16
1.70000000e+01 7.72140074e-02 7.34691434e-05 1.11022302e-16
1.80000000e+01 6.93190643e-02 6.85262248e-05 0.00000000e+00
1.90000000e+01 6.24550624e-02 5.95931803e-05 0.00000000e+00
2.00000000e+01 5.64538293e-02 5.04993868e-05 0.00000000e+00
2.10000000e+01 5.11831687e-02 4.80347553e-05 0.00000000e+00
2.20000000e+01 4.65239054e-02 4.33390957e-05 1.34067659e-18
2.30000000e+01 4.23959589e-02 4.05318014e-05 0.00000000e+00
2.40000000e+01 3.87226729e-02 3.62578531e-05 1.33909482e-17
2.50000000e+01 3.54418613e-02 3.50492917e-05 0.00000000e+00
2.60000000e+01 3.25026806e-02 3.22294934e-05 0.00000000e+00
2.70000000e+01 2.98613399e-02 2.89936496e-05 0.00000000e+00
2.80000000e+01 2.74809693e-02 2.66374657e-05 0.00000000e+00
2.90000000e+01 2.53308494e-02 2.43723502e-05 0.00000000e+00
3.00000000e+01 2.33835298e-02 2.28627902e-05 0.00000000e+00
3.10000000e+01 2.16160629e-02 2.07453146e-05 0.00000000e+00
3.20000000e+01 2.00085799e-02 1.98275253e-05 1.11022302e-16
3.30000000e+01 1.85433922e-02 1.82773019e-05 0.00000000e+00
3.40000000e+01 1.72056667e-02 1.68426930e-05 0.00000000e+00
3.50000000e+01 1.59819661e-02 1.59459602e-05 0.00000000e+00
3.60000000e+01 1.48611767e-02 1.39074015e-05 0.00000000e+00
3.70000000e+01 1.38324469e-02 1.34712061e-05 0.00000000e+00
3.80000000e+01 1.28870636e-02 1.23529766e-05 0.00000000e+00
3.90000000e+01 1.20169608e-02 1.17286960e-05 0.00000000e+00
4.00000000e+01 1.12148583e-02 1.06393283e-05 0.00000000e+00
4.10000000e+01 1.04746852e-02 1.01274262e-05 0.00000000e+00
4.20000000e+01 9.79096614e-03 9.50990003e-06 0.00000000e+00
4.30000000e+01 9.15844297e-03 8.82236105e-06 1.11022302e-16
4.40000000e+01 8.57262879e-03 8.56469119e-06 0.00000000e+00
4.50000000e+01 8.02958945e-03 7.83324870e-06 0.00000000e+00
4.60000000e+01 7.52548387e-03 7.37443386e-06 0.00000000e+00
4.70000000e+01 7.05722417e-03 6.87930921e-06 1.11022302e-16
4.80000000e+01 6.62175227e-03 6.53049316e-06 0.00000000e+00
4.90000000e+01 6.21639541e-03 6.02524280e-06 0.00000000e+00
5.00000000e+01 5.83876512e-03 5.70435844e-06 0.00000000e+00
5.10000000e+01 5.48665815e-03 5.44453015e-06 0.00000000e+00
5.20000000e+01 5.15804879e-03 5.10092876e-06 0.00000000e+00
5.30000000e+01 4.85112178e-03 4.77457687e-06 1.11022302e-16
5.40000000e+01 4.56423146e-03 4.34618528e-06 0.00000000e+00
5.50000000e+01 4.29584540e-03 4.07583738e-06 0.00000000e+00
5.60000000e+01 4.04458941e-03 3.92854199e-06 1.21709194e-18
5.70000000e+01 3.80916181e-03 3.76532398e-06 0.00000000e+00
5.80000000e+01 3.58842422e-03 3.50589372e-06 0.00000000e+00
5.90000000e+01 3.38130190e-03 3.29129836e-06 1.11022302e-16
6.00000000e+01 3.18680420e-03 3.06820637e-06 0.00000000e+00
6.10000000e+01 3.00403110e-03 2.96710789e-06 1.11022302e-16
6.20000000e+01 2.83213557e-03 2.78315736e-06 0.00000000e+00
6.30000000e+01 2.67033855e-03 2.61798813e-06 0.00000000e+00
6.40000000e+01 2.51794756e-03 2.40721681e-06 0.00000000e+00
6.50000000e+01 2.37430376e-03 2.32512486e-06 0.00000000e+00
6.60000000e+01 2.23880121e-03 2.17162267e-06 0.00000000e+00
6.70000000e+01 2.11090089e-03 2.04732977e-06 0.00000000e+00
6.80000000e+01 1.99007534e-03 1.96673978e-06 0.00000000e+00
6.90000000e+01 1.87587821e-03 1.86567951e-06 0.00000000e+00
7.00000000e+01 1.76789604e-03 1.71639019e-06 0.00000000e+00
7.10000000e+01 1.66575906e-03 1.62328451e-06 0.00000000e+00
7.20000000e+01 1.56915067e-03 1.54240685e-06 1.11022302e-16
7.30000000e+01 1.47779153e-03 1.42379346e-06 1.11022302e-16
7.40000000e+01 1.39145929e-03 1.39143527e-06 0.00000000e+00
7.50000000e+01 1.30997965e-03 1.30500336e-06 0.00000000e+00
7.60000000e+01 1.23322824e-03 1.22779188e-06 1.11022302e-16
7.70000000e+01 1.16113626e-03 1.11498700e-06 0.00000000e+00
7.80000000e+01 1.09369122e-03 1.09345434e-06 0.00000000e+00
7.90000000e+01 1.03092973e-03 9.95710676e-07 0.00000000e+00
8.00000000e+01 9.72845660e-04 9.69203084e-07 0.00000000e+00
8.10000000e+01 9.19747220e-04 8.88514906e-07 0.00000000e+00
8.20000000e+01 8.71732610e-04 8.42624502e-07 0.00000000e+00
8.30000000e+01 8.29143359e-04 8.08403173e-07 0.00000000e+00
8.40000000e+01 7.91932286e-04 7.82083862e-07 0.00000000e+00
8.50000000e+01 7.60442038e-04 7.51824438e-07 0.00000000e+00
8.60000000e+01 7.34873312e-04 7.09851454e-07 2.62852145e-20
8.70000000e+01 7.15366815e-04 6.91390615e-07 0.00000000e+00
8.80000000e+01 7.02010124e-04 6.84786797e-07 1.11022302e-16
8.90000000e+01 6.94801503e-04 6.90545347e-07 0.00000000e+00
9.00000000e+01 6.93615664e-04 6.76526283e-07 0.00000000e+00
9.10000000e+01 6.98208325e-04 6.78955486e-07 0.00000000e+00
9.20000000e+01 7.08185189e-04 6.99623940e-07 0.00000000e+00
9.30000000e+01 7.23004475e-04 7.03548311e-07 0.00000000e+00
9.40000000e+01 7.41970285e-04 7.25074307e-07 0.00000000e+00
9.50000000e+01 7.64250565e-04 7.53582648e-07 0.00000000e+00
9.60000000e+01 7.88883330e-04 7.87421317e-07 0.00000000e+00
9.70000000e+01 8.14818216e-04 7.91678576e-07 0.00000000e+00
9.80000000e+01 8.40940533e-04 8.34106124e-07 0.00000000e+00
9.90000000e+01 8.66081481e-04 8.65869517e-07 0.00000000e+00
1.00000000e+02 8.89196909e-04 8.49878148e-07 0.00000000e+00
1.01000000e+02 9.09148379e-04 8.75125127e-07 0.00000000e+00
1.02000000e+02 9.24988323e-04 9.20551645e-07 0.00000000e+00
1.03000000e+02 9.35927402e-04 9.34714000e-07 0.00000000e+00
1.04000000e+02 9.41280563e-04 9.39143092e-07 1.11022302e-16
1.05000000e+02 9.40602030e-04 9.37002929e-07 0.00000000e+00
1.06000000e+02 9.33613598e-04 9.07976094e-07 1.11022302e-16
1.07000000e+02 9.20250740e-04 8.90129436e-07 2.22044605e-16
1.08000000e+02 9.00636589e-04 8.83803932e-07 0.00000000e+00
1.09000000e+02 8.75066416e-04 8.30106700e-07 0.00000000e+00
1.10000000e+02 8.43996148e-04 8.01978552e-07 0.00000000e+00
1.11000000e+02 8.08001827e-04 7.71535358e-07 0.00000000e+00
1.12000000e+02 7.67757930e-04 7.56601694e-07 0.00000000e+00
1.13000000e+02 7.23994948e-04 6.80138463e-07 0.00000000e+00
1.14000000e+02 6.77476922e-04 6.67798407e-07 0.00000000e+00
1.15000000e+02 6.28973975e-04 5.88570180e-07 1.11022302e-16
1.16000000e+02 5.79223542e-04 5.68921932e-07 0.00000000e+00
1.17000000e+02 5.28928532e-04 5.01444502e-07 1.11022302e-16
1.18000000e+02 4.78729103e-04 4.72263221e-07 3.33066907e-16
1.19000000e+02 4.29194407e-04 4.25514979e-07 0.00000000e+00
1.20000000e+02 3.80816087e-04 3.72158985e-07 0.00000000e+00
1.21000000e+02 3.34006949e-04 3.30884138e-07 0.00000000e+00
1.22000000e+02 2.89094115e-04 2.80483842e-07 0.00000000e+00
1.23000000e+02 2.46335868e-04 2.38425751e-07 0.00000000e+00
1.24000000e+02 2.05916807e-04 1.98609715e-07 0.00000000e+00
1.25000000e+02 1.67952215e-04 1.63624559e-07 0.00000000e+00
1.26000000e+02 1.32509496e-04 1.30550465e-07 0.00000000e+00
1.27000000e+02 9.96037860e-05 9.78348811e-08 0.00000000e+00
1.28000000e+02 6.92098959e-05 6.68303362e-08 0.00000000e+00
1.29000000e+02 4.12692283e-05 4.25913339e-08 0.00000000e+00
1.30000000e+02 1.57032007e-05 4.23741878e-08 0.00000000e+00
1.31000000e+02 -7.59142582e-06 4.21957216e-08 0.00000000e+00
1.32000000e+02 -2.87295671e-05 4.20965336e-08 0.00000000e+00
1.33000000e+02 -4.78348727e-05 4.78328522e-08 0.00000000e+00
1.34000000e+02 -6.50365061e-05 6.50002234e-08 0.00000000e+00
1.35000000e+02 -8.04608664e-05 7.86966596e-08 0.00000000e+00
1.36000000e+02 -9.42421118e-05 9.33532941e-08 0.00000000e+00
1.37000000e+02 -1.06503948e-04 1.05527416e-07 0.00000000e+00
1.38000000e+02 -1.17367930e-04 1.13627685e-07 0.00000000e+00
1.39000000e+02 -1.26949697e-04 1.20057480e-07 0.00000000e+00
1.40000000e+02 -1.35359844e-04 1.30435845e-07 0.00000000e+00
1.41000000e+02 -1.42701407e-04 1.38885908e-07 0.00000000e+00
1.42000000e+02 -1.49070883e-04 1.47683796e-07 0.00000000e+00
1.43000000e+02 -1.54557501e-04 1.46384601e-07 0.00000000e+00
1.44000000e+02 -1.59244460e-04 1.51013375e-07 0.00000000e+00
1.45000000e+02 -1.63209394e-04 1.61945984e-07 0.00000000e+00
1.46000000e+02 -1.66520201e-04 1.65942589e-07 0.00000000e+00
1.47000000e+02 -1.69243098e-04 1.64558498e-07 0.00000000e+00
1.48000000e+02 -1.71436895e-04 1.71042657e-07 0.00000000e+00
1.49000000e+02 -1.73156894e-04 1.72878935e-07 0.00000000e+00
1.50000000e+02 -1.74450962e-04 1.73557853e-07 0.00000000e+00
